nan
4.330743789672852
4.330731391906738
4.330716609954834
4.330700874328613
4.330685615539551
4.330667495727539
4.330649375915527
4.330628395080566
4.330605983734131
4.330581188201904
4.330552101135254
4.3305206298828125
4.330484390258789
4.330443859100342
4.330399036407471
4.330348968505859
4.330293655395508
4.330233097076416
4.330167293548584
4.330094814300537
4.330017566680908
4.3299336433410645
4.3298420906066895
4.329744338989258
4.329638481140137
4.329526424407959
4.329404830932617
4.329276084899902
4.3291401863098145
4.328995227813721
4.328841686248779
4.328677654266357
4.328505992889404
4.328323841094971
4.3281331062316895
4.327930927276611
4.327717304229736
4.327493667602539
4.3272576332092285
4.327009677886963
4.326748847961426
4.326476573944092
4.326192378997803
4.325893402099609
4.32558012008667
4.325253009796143
4.3249125480651855
4.324556827545166
4.324186325073242
4.3238043785095215
4.323405742645264
4.322994709014893
4.322571277618408
4.322131156921387
4.32167387008667
4.321203708648682
4.3207173347473145
4.320215702056885
4.3196940422058105
4.319157600402832
4.318601608276367
4.318028926849365
4.317433834075928
4.3168206214904785
4.316194534301758
4.315544128417969
4.314877510070801
4.31419038772583
4.313478469848633
4.312750816345215
4.311999320983887
4.311225414276123
4.31043004989624
4.309611797332764
4.308780193328857
4.307927131652832
4.307046413421631
4.306148052215576
4.305226802825928
4.304279327392578
4.303310871124268
4.302320957183838
4.301308631896973
4.300278186798096
4.299229621887207
4.298155784606934
4.297047138214111
4.295918941497803
4.294754505157471
4.293571949005127
4.292361259460449
4.291128158569336
4.289876461029053
4.288593292236328
4.287284851074219
4.285952091217041
4.284585475921631
4.283198833465576
4.281784534454346
4.280336380004883
4.278852939605713
4.277333736419678
4.275793075561523
4.2742204666137695
4.2726263999938965
4.270990371704102
4.2693376541137695
4.2676568031311035
4.265937328338623
4.26420259475708
4.262430191040039
4.260636806488037
4.258813381195068
4.256951808929443
4.255051136016846
4.253129005432129
4.251169681549072
4.249157905578613
4.2471089363098145
4.245063781738281
4.242953300476074
4.240799903869629
4.238630771636963
4.2364301681518555
4.234190940856934
4.231901168823242
4.229561805725098
4.227178573608398
4.224771976470947
4.222304344177246
4.219827175140381
4.217289924621582
4.214714050292969
4.212093353271484
4.209431171417236
4.206716060638428
4.2039570808410645
4.201144218444824
4.198285102844238
4.19539213180542
4.192441463470459
4.189457416534424
4.186411380767822
4.183317184448242
4.180188179016113
4.17700719833374
4.173746585845947
4.170436859130859
4.167049407958984
4.163570880889893
4.16002893447876
4.1564226150512695
4.1527605056762695
4.149040699005127
4.145236015319824
4.14134407043457
4.1374101638793945
4.133369445800781
4.129264831542969
4.125079154968262
4.1208086013793945
4.116457462310791
4.112024784088135
4.107483386993408
4.102846622467041
4.098094463348389
4.093253135681152
4.088298320770264
4.083259582519531
4.078128337860107
4.072867393493652
4.067493438720703
4.062033653259277
4.056463718414307
4.050774097442627
4.044958591461182
4.039052486419678
4.032989978790283
4.026834964752197
4.020493030548096
4.014085292816162
4.0074849128723145
4.000784873962402
3.9938747882843018
3.9868741035461426
3.9796969890594482
3.972341537475586
3.964768171310425
3.95706844329834
3.9491937160491943
3.9411914348602295
3.9329640865325928
3.9245996475219727
3.915987491607666
3.9072201251983643
3.898286819458008
3.889119863510132
3.8797481060028076
3.870222568511963
3.8604860305786133
3.850572109222412
3.840493679046631
3.8301949501037598
3.8196842670440674
3.8090004920959473
3.798079490661621
3.787008285522461
3.775728225708008
3.764291286468506
3.752706289291382
3.740943431854248
3.729006052017212
3.7168776988983154
3.7046220302581787
3.692209005355835
3.679577112197876
3.666815996170044
3.6538922786712646
3.6407666206359863
3.6275501251220703
3.614163398742676
3.6006717681884766
3.587087869644165
3.5733752250671387
3.559570789337158
3.5456879138946533
3.531726121902466
3.5177316665649414
3.503659963607788
3.489576816558838
3.475464344024658
3.461290121078491
3.4471352100372314
3.4329071044921875
3.4186789989471436
3.404459238052368
3.3902816772460938
3.3761701583862305
3.3620657920837402
3.3479716777801514
3.3339040279388428
3.3199400901794434
3.306040048599243
3.292208194732666
3.2784767150878906
3.2647788524627686
3.2512006759643555
3.2377572059631348
3.224478006362915
3.2112886905670166
3.198198080062866
3.1852610111236572
3.172497272491455
3.1599056720733643
3.1474783420562744
3.135258913040161
3.123170852661133
3.1113364696502686
3.099661111831665
3.088221311569214
3.0769548416137695
3.0659666061401367
3.055143117904663
3.044581174850464
3.0342326164245605
3.0241782665252686
3.014319896697998
3.004701852798462
2.995342969894409
2.986206293106079
2.977349042892456
2.9687395095825195
2.96036434173584
2.952249526977539
2.9443812370300293
2.936729669570923
2.929309844970703
2.9221370220184326
2.9151690006256104
2.908411979675293
2.901829242706299
2.895446538925171
2.889270782470703
2.883268117904663
2.8774187564849854
2.8717451095581055
2.8662374019622803
2.860830307006836
2.8555667400360107
2.8504250049591064
2.8454034328460693
2.840500593185425
2.835693597793579
2.831012010574341
2.8264360427856445
2.821969509124756
2.8176181316375732
2.813382625579834
2.809262752532959
2.805257558822632
2.8013837337493896
2.7976322174072266
2.793989419937134
2.7904717922210693
2.7870864868164062
2.7838070392608643
2.7806363105773926
2.777573823928833
2.7746059894561768
2.771735191345215
2.7689595222473145
2.766266345977783
2.763641834259033
2.761089563369751
2.7585997581481934
2.7561769485473633
2.7538089752197266
2.751499652862549
2.749241590499878
2.7470414638519287
2.7448887825012207
2.7427804470062256
2.740713119506836
2.7386884689331055
2.7366976737976074
2.7347352504730225
2.732808828353882
2.730898380279541
2.729015588760376
2.7271499633789062
2.7253072261810303
2.7234952449798584
2.721698760986328
2.719916343688965
2.718151569366455
2.7164063453674316
2.7146689891815186
2.7129454612731934
2.7112367153167725
2.7095413208007812
2.707855463027954
2.706178665161133
2.704502820968628
2.7028398513793945
2.701181411743164
2.6995346546173096
2.6978957653045654
2.696258068084717
2.694629669189453
2.6930031776428223
2.6913819313049316
2.6897733211517334
2.688163995742798
2.6865622997283936
2.6849656105041504
2.683377265930176
2.681797981262207
2.6802291870117188
2.6786725521087646
2.677123546600342
2.675581932067871
2.674055337905884
2.672532558441162
2.671024799346924
2.669528007507324
2.6680405139923096
2.6665592193603516
2.665088415145874
2.6636345386505127
2.6621947288513184
2.660764217376709
2.6593399047851562
2.6579346656799316
2.656541109085083
2.6551496982574463
2.6537740230560303
2.65240478515625
2.6510512828826904
2.649712085723877
2.648381471633911
2.6470563411712646
2.645745038986206
2.6444411277770996
2.6431431770324707
2.641857385635376
2.6405727863311768
2.6393024921417236
2.638035535812378
2.636777400970459
2.6355292797088623
2.634280204772949
2.633037567138672
2.631805658340454
2.6305737495422363
2.629349708557129
2.6281394958496094
2.6269335746765137
2.6257388591766357
2.6245486736297607
2.6233673095703125
2.6221916675567627
2.62103009223938
2.619872808456421
2.6187257766723633
2.6175811290740967
2.6164474487304688
2.6153156757354736
2.6141982078552246
2.613076686859131
2.6119730472564697
2.610867738723755
2.6097707748413086
2.6086783409118652
2.6075992584228516
2.6065196990966797
2.6054489612579346
2.6043858528137207
2.603332281112671
2.6022768020629883
2.601240873336792
2.6002066135406494
2.5991761684417725
2.5981523990631104
2.597136974334717
2.596121311187744
2.5951149463653564
2.594113826751709
2.593113660812378
2.5921192169189453
2.5911309719085693
2.590146541595459
2.5891637802124023
2.5881853103637695
2.5872061252593994
2.5862314701080322
2.5852601528167725
2.584291934967041
2.5833258628845215
2.582360029220581
2.5813968181610107
2.5804405212402344
2.5794899463653564
2.57853627204895
2.5775859355926514
2.576634407043457
2.575685977935791
2.574739694595337
2.5738019943237305
2.5728585720062256
2.5719165802001953
2.570974111557007
2.570033311843872
2.5690934658050537
2.5681564807891846
2.5672121047973633
2.566269636154175
2.565328359603882
2.5643844604492188
2.563436985015869
2.562488317489624
2.561535120010376
2.560576915740967
2.559616804122925
2.5586512088775635
2.55767822265625
2.5567116737365723
2.555736780166626
2.554752826690674
2.553772211074829
2.552776336669922
2.551774263381958
2.5507683753967285
2.549755096435547
2.5487351417541504
2.5477054119110107
2.5466670989990234
2.545620918273926
2.5445706844329834
2.543511390686035
2.5424468517303467
2.5413687229156494
2.540283203125
2.5391852855682373
2.5380666255950928
2.536938428878784
2.535789728164673
2.53462553024292
2.53344988822937
2.532254219055176
2.531038999557495
2.5298070907592773
2.5285542011260986
2.527284860610962
2.5259907245635986
2.524665355682373
2.523306369781494
2.5219199657440186
2.520510673522949
2.5190792083740234
2.517617702484131
2.516117811203003
2.5145881175994873
2.513028621673584
2.5114431381225586
2.5098252296447754
2.5081610679626465
2.506457567214966
2.504711627960205
2.502924919128418
2.501091718673706
2.4992129802703857
2.497293710708618
2.495326280593872
2.493328094482422
2.4912848472595215
2.4892003536224365
2.487074851989746
2.4849114418029785
2.4826903343200684
2.4804089069366455
2.478079080581665
2.4756991863250732
2.4732487201690674
2.470740795135498
2.4681854248046875
2.4655823707580566
2.462939500808716
2.460254669189453
2.4574954509735107
2.4546940326690674
2.4518210887908936
2.4488823413848877
2.4458882808685303
2.4428353309631348
2.439725399017334
2.4365663528442383
2.4333550930023193
2.430087089538574
2.426755905151367
2.423379421234131
2.4199490547180176
2.416447639465332
2.4128854274749756
2.409273862838745
2.405674457550049
2.4020400047302246
2.3983571529388428
2.394618511199951
2.3908329010009766
2.3869879245758057
2.3830840587615967
2.3791444301605225
2.375152349472046
2.3711178302764893
2.367053985595703
2.3629367351531982
2.358766555786133
2.3545613288879395
2.3503098487854004
2.3460264205932617
2.3416941165924072
2.337337017059326
2.332951545715332
2.328507661819458
2.3240489959716797
2.319566488265991
2.315058946609497
2.3105309009552
2.305981397628784
2.3013954162597656
2.2967910766601562
2.2921621799468994
2.2874979972839355
2.2828047275543213
2.2781126499176025
2.273428440093994
2.2687385082244873
2.2640137672424316
2.2592644691467285
2.2544846534729004
2.2496955394744873
2.2448949813842773
2.240079164505005
2.2352871894836426
2.2304487228393555
2.225606679916382
2.2207562923431396
2.2159018516540527
2.2110517024993896
2.2062032222747803
2.2013514041900635
2.1965198516845703
2.191668748855591
2.1868317127227783
2.182004451751709
2.1771910190582275
2.172412395477295
2.167628765106201
2.162822961807251
2.158054828643799
2.1533091068267822
2.148555040359497
2.1438238620758057
2.1390857696533203
2.134352684020996
2.1296374797821045
2.1249170303344727
2.1202003955841064
2.1154980659484863
2.1107962131500244
2.106107234954834
2.101435661315918
2.096778631210327
2.092120885848999
2.0874667167663574
2.08282732963562
2.078204393386841
2.07358717918396
2.068974733352661
2.064361333847046
2.0597782135009766
2.055217981338501
2.05064058303833
2.0460643768310547
2.0414845943450928
2.036905527114868
2.032346725463867
2.027798891067505
2.0232737064361572
2.018752336502075
2.014235496520996
2.0097551345825195
2.005281686782837
2.000802993774414
1.996337890625
1.9918928146362305
1.9874827861785889
1.9830971956253052
1.9787243604660034
1.9743614196777344
1.9700093269348145
1.965667724609375
1.9613230228424072
1.9569976329803467
1.952681303024292
1.9483850002288818
1.944090723991394
1.9398270845413208
1.9355542659759521
1.9312856197357178
1.9270128011703491
1.9227731227874756
1.9185186624526978
1.9142831563949585
1.910082459449768
1.905875325202942
1.9016860723495483
1.8974992036819458
1.8933086395263672
1.8891160488128662
1.8849393129348755
1.8807605504989624
1.8765876293182373
1.872407078742981
1.8682427406311035
1.864079475402832
1.8599363565444946
1.8557876348495483
1.8516654968261719
1.8475550413131714
1.8434468507766724
1.8393523693084717
1.835253357887268
1.8311588764190674
1.827073097229004
1.8229851722717285
1.8189046382904053
1.8148345947265625
1.8107759952545166
1.806717038154602
1.8026679754257202
1.7986329793930054
1.7945961952209473
1.7905778884887695
1.7865573167800903
1.7825424671173096
1.7785298824310303
1.7745118141174316
1.7705007791519165
1.7665178775787354
1.7625081539154053
1.758501410484314
1.7545002698898315
1.750512957572937
1.7465165853500366
1.7425638437271118
1.7385997772216797
1.7346642017364502
1.7307274341583252
1.7267929315567017
1.722875952720642
1.7189505100250244
1.715010404586792
1.711100697517395
1.7071696519851685
1.7032577991485596
1.699350118637085
1.6954339742660522
1.6915196180343628
1.687587022781372
1.683680772781372
1.6797685623168945
1.6758513450622559
1.6719285249710083
1.668008804321289
1.6640979051589966
1.660202145576477
1.656298279762268
1.6523942947387695
1.64848792552948
1.6445846557617188
1.6406638622283936
1.6367429494857788
1.6328153610229492
1.6288918256759644
1.6249717473983765
1.6210460662841797
1.6171255111694336
1.61319899559021
1.6092807054519653
1.6053558588027954
1.6014233827590942
1.597493052482605
1.5935895442962646
1.589686393737793
1.5858099460601807
1.5819584131240845
1.5781052112579346
1.5742493867874146
1.570401906967163
1.5665563344955444
1.562721848487854
1.5589046478271484
1.5550973415374756
1.5512869358062744
1.547497272491455
1.5437147617340088
1.5399364233016968
1.53618586063385
1.5324305295944214
1.528679609298706
1.5249452590942383
1.5212169885635376
1.5174907445907593
1.5137676000595093
1.510050654411316
1.5063362121582031
1.5026323795318604
1.4989455938339233
1.4952645301818848
1.4915904998779297
1.4880179166793823
1.4845043420791626
1.4809750318527222
1.4774720668792725
1.473954677581787
1.4704355001449585
1.4669095277786255
1.4633973836898804
1.4599016904830933
1.456406831741333
1.4529081583023071
1.449415922164917
1.4459319114685059
1.4424550533294678
1.438977837562561
1.4354983568191528
1.4320183992385864
1.4285470247268677
1.4250868558883667
1.421632170677185
1.4181846380233765
1.4147378206253052
1.4112939834594727
1.4078553915023804
1.4043940305709839
1.4009556770324707
1.3975634574890137
1.3941795825958252
1.390798568725586
1.3874030113220215
1.3840020895004272
1.3806028366088867
1.3772265911102295
1.373905897140503
1.3706754446029663
1.3674461841583252
1.3642475605010986
1.361038327217102
1.3578119277954102
1.354570746421814
1.3513031005859375
1.3480256795883179
1.3447185754776
1.3414298295974731
1.3381274938583374
1.3348058462142944
1.3314889669418335
1.328176498413086
1.3248354196548462
1.3214728832244873
1.3180965185165405
1.3147209882736206
1.3113309144973755
1.307936668395996
1.304571509361267
1.301209807395935
1.2978487014770508
1.2944738864898682
1.2911028861999512
1.2877360582351685
1.2843610048294067
1.280976414680481
1.277593731880188
1.2742092609405518
1.270811676979065
1.2674212455749512
1.264011263847351
1.2606053352355957
1.2571808099746704
1.253745198249817
1.250294804573059
1.2468377351760864
1.2433927059173584
1.23995041847229
1.236527919769287
1.2330971956253052
1.2296571731567383
1.2262336015701294
1.2228132486343384
1.2193876504898071
1.2159620523452759
1.2125418186187744
1.2091436386108398
1.205729603767395
1.2023142576217651
1.1989092826843262
1.195507287979126
1.1921156644821167
1.1887116432189941
1.185313105583191
1.1819204092025757
1.1785351037979126
1.1751487255096436
1.1717697381973267
1.1683956384658813
1.1650233268737793
1.1616630554199219
1.1582976579666138
1.1549575328826904
1.1516263484954834
1.1483019590377808
1.1449617147445679
1.1416492462158203
1.1383171081542969
1.1350040435791016
1.131716251373291
1.1284199953079224
1.1251369714736938
1.12185800075531
1.1185879707336426
1.1153188943862915
1.1120669841766357
1.1088292598724365
1.1056019067764282
1.102421522140503
1.099229335784912
1.0960383415222168
1.0928665399551392
1.089698076248169
1.0865384340286255
1.083385944366455
1.08024001121521
1.0770912170410156
1.0739564895629883
1.070806622505188
1.0676723718643188
1.0645322799682617
1.0614033937454224
1.0582863092422485
1.0551700592041016
1.0520516633987427
1.048933744430542
1.0458266735076904
1.0427303314208984
1.0396504402160645
1.0365653038024902
1.0334792137145996
1.030417799949646
1.0273456573486328
1.0242743492126465
1.0212080478668213
1.0181409120559692
1.015099048614502
1.012054681777954
1.0090266466140747
1.0059993267059326
1.0029830932617188
0.9999542236328125
0.9969411492347717
0.9939233064651489
0.9909265637397766
0.9879274368286133
0.9849357008934021
0.9819455742835999
0.9789462089538574
0.9759511351585388
0.9729622602462769
0.9699794054031372
0.9669955968856812
0.9640038013458252
0.9610158801078796
0.9580368995666504
0.9550715684890747
0.9520933032035828
0.9491132497787476
0.9461449980735779
0.9431724548339844
0.9402041435241699
0.9372252225875854
0.9342414140701294
0.9312791228294373
0.9283174276351929
0.9253661036491394
0.9224017262458801
0.9194469451904297
0.9164766073226929
0.9135181903839111
0.9105483293533325
0.907579243183136
0.9046322703361511
0.9016889333724976
0.8987372517585754
0.8957809209823608
0.8928330540657043
0.8898710608482361
0.8869127035140991
0.8839568495750427
0.8809979557991028
0.8780465722084045
0.8750926852226257
0.872129499912262
0.8691776990890503
0.8662188053131104
0.8632569313049316
0.8602843284606934
0.8573130965232849
0.854329526424408
0.8513364195823669
0.848356306552887
0.8453632593154907
0.8423758745193481
0.8394010066986084
0.8364230394363403
0.8334661722183228
0.8305683135986328
0.8276694416999817
0.8247756361961365
0.8218575119972229
0.8189436197280884
0.8160107731819153
0.8130754232406616
0.8101255893707275
0.8071575164794922
0.8041902184486389
0.8011949062347412
0.7981677651405334
0.7951337695121765
0.7920724153518677
0.7890022993087769
0.7859361171722412
0.782846212387085
0.7797213792800903
0.7765945196151733
0.7734447121620178
0.7702955007553101
0.7671431303024292
0.7639924883842468
0.7608492970466614
0.7577196955680847
0.7546055912971497
0.7514947056770325
0.7484155297279358
0.7453405261039734
0.7422753572463989
0.7392314076423645
0.7361873984336853
0.7331923246383667
0.7302319407463074
0.7272980213165283
0.7243779897689819
0.721466600894928
0.7185713648796082
0.7156856656074524
0.7128354907035828
0.709997296333313
0.7071568965911865
0.7043201923370361
0.7014988660812378
0.6986645460128784
0.6958450078964233
0.6930198669433594
0.6901968121528625
0.6873829364776611
0.6845656037330627
0.6817569136619568
0.6789489388465881
0.6761413812637329
0.6733524799346924
0.6705747246742249
0.6677969694137573
0.6650251746177673
0.662263810634613
0.6595168113708496
0.6567827463150024
0.6540564894676208
0.6513504385948181
0.648668110370636
0.6460027098655701
0.6433444023132324
0.6407046914100647
0.6380745768547058
0.6354499459266663
0.6328197121620178
0.6302036643028259
0.6275839805603027
0.6249881982803345
0.6223906874656677
0.619793176651001
0.6172047257423401
0.6146108508110046
0.612030029296875
0.6094859838485718
0.6069589257240295
0.604446530342102
0.6019459366798401
0.5994430780410767
0.5969389081001282
0.5944414138793945
0.5919609069824219
0.5894898176193237
0.5870158076286316
0.5845429301261902
0.5820478200912476
0.579570472240448
0.5770969986915588
0.57463139295578
0.5721584558486938
0.5696715712547302
0.5671879053115845
0.5646933913230896
0.5622157454490662
0.559730052947998
0.5572565793991089
0.5547887682914734
0.5523154735565186
0.549851655960083
0.5473761558532715
0.5448882579803467
0.5424169898033142
0.539939284324646
0.5374686121940613
0.5349733829498291
0.5324957370758057
0.5300253629684448
0.5275348424911499
0.5250307321548462
0.5224816203117371
0.5199347734451294
0.5173726677894592
0.5148050785064697
0.5122143030166626
0.5096215605735779
0.5070270299911499
0.5044289231300354
0.501829981803894
0.4992057681083679
0.4965851902961731
0.4939550459384918
0.4913313388824463
0.4887072443962097
0.48609068989753723
0.483475923538208
0.4808516502380371
0.478223592042923
0.47560450434684753
0.47298339009284973
0.47037118673324585
0.46777182817459106
0.46517160534858704
0.4625839293003082
0.4600427746772766
0.4575246274471283
0.455034464597702
0.45255061984062195
0.4500781297683716
0.44761839509010315
0.4451627731323242
0.4427023231983185
0.44023966789245605
0.43778732419013977
0.43535953760147095
0.43293631076812744
0.4305134117603302
0.42810025811195374
0.42569270730018616
0.4232734739780426
0.42086443305015564
0.41846615076065063
0.4160960018634796
0.4137287139892578
0.41139647364616394
0.40907514095306396
0.4067598581314087
0.40448734164237976
0.40222102403640747
0.39996132254600525
0.39772745966911316
0.3954998552799225
0.39330342411994934
0.39113256335258484
0.38897109031677246
0.38682490587234497
0.38468503952026367
0.382545530796051
0.38042330741882324
0.37829530239105225
0.37617093324661255
0.3740440309047699
0.37192830443382263
0.36981990933418274
0.36772313714027405
0.36564332246780396
0.36358246207237244
0.36152973771095276
0.35947781801223755
0.3574371337890625
0.3554106056690216
0.35339537262916565
0.35137829184532166
0.34937241673469543
0.3473871052265167
0.34540897607803345
0.3434368669986725
0.3414735794067383
0.3395221531391144
0.3375767171382904
0.3356488347053528
0.3337315022945404
0.3318227231502533
0.32992663979530334
0.3280421793460846
0.326166033744812
0.3243056833744049
0.322447270154953
0.32059380412101746
0.31874480843544006
0.3168964385986328
0.315053790807724
0.3132175803184509
0.31138089299201965
0.30954357981681824
0.30772483348846436
0.30590981245040894
0.3041006028652191
0.30229637026786804
0.30049899220466614
0.2986982464790344
0.2969032824039459
0.29511207342147827
0.29332154989242554
0.29154568910598755
0.2897825539112091
0.2880242168903351
0.28626763820648193
0.284512996673584
0.28275445103645325
0.2810018062591553
0.279242604970932
0.27747753262519836
0.2757176458835602
0.27396315336227417
0.27219757437705994
0.2704349160194397
0.26867055892944336
0.2669042646884918
0.26514139771461487
0.2633719742298126
0.2616035044193268
0.2598426342010498
0.2580929696559906
0.256334513425827
0.25457409024238586
0.2528024911880493
0.2510298490524292
0.2492569535970688
0.24748378992080688
0.24569065868854523
0.24389176070690155
0.2420915961265564
0.24030731618404388
0.23851528763771057
0.23672454059123993
0.23493064939975739
0.2331203818321228
0.23131787776947021
0.22950632870197296
0.22770598530769348
0.22589804232120514
0.22409464418888092
0.2222978174686432
0.22050748765468597
0.21872974932193756
0.21696029603481293
0.21520164608955383
0.21345418691635132
0.2117156684398651
0.20998512208461761
0.2082618772983551
0.20655615627765656
0.20486262440681458
0.20317381620407104
0.20148251950740814
0.19979888200759888
0.1981080323457718
0.19641263782978058
0.19472452998161316
0.1930377334356308
0.1913520097732544
0.1896575391292572
0.18796494603157043
0.18628321588039398
0.18460451066493988
0.1829265058040619
0.18125584721565247
0.17958864569664001
0.17793013155460358
0.17627780139446259
0.17462339997291565
0.17297561466693878
0.1713385432958603
0.1697113960981369
0.1680842787027359
0.16646060347557068
0.16483895480632782
0.16322943568229675
0.16164171695709229
0.1600666642189026
0.15849922597408295
0.1569385528564453
0.1553744673728943
0.15381814539432526
0.1522689163684845
0.15072491765022278
0.14919397234916687
0.1476632058620453
0.14614364504814148
0.14463309943675995
0.14312399923801422
0.14162179827690125
0.14012111723423004
0.13862095773220062
0.13712239265441895
0.13562825322151184
0.13413579761981964
0.1326543390750885
0.13117922842502594
0.12970659136772156
0.12823495268821716
0.12677504122257233
0.12530948221683502
0.12385304272174835
0.12239687144756317
0.12094688415527344
0.11949782818555832
0.11805664747953415
0.11662264168262482
0.1151917427778244
0.11376513540744781
0.11234477162361145
0.1109454333782196
0.10955828428268433
0.10816381871700287
0.10678090155124664
0.1054031103849411
0.10404065996408463
0.1026916429400444
0.10134866833686829
0.10003039240837097
0.09873618185520172
0.0974610224366188
0.09620030969381332
0.09495620429515839
0.09372928738594055
0.09251368045806885
0.09131117910146713
0.0901145488023758
0.08892498165369034
0.08774036914110184
0.08656911551952362
0.08540959656238556
0.08426610380411148
0.08314218372106552
0.08204646408557892
0.08095330744981766
0.07987599819898605
0.0788072794675827
0.0777556449174881
0.07672272622585297
0.07570182532072067
0.07470271736383438
0.07372283190488815
0.07275290042161942
0.0718003511428833
0.0708618089556694
0.0699450671672821
0.06902243942022324
0.0681145042181015
0.06721897423267365
0.06633128970861435
0.06545158475637436
0.06458056718111038
0.0637180507183075
0.06286655366420746
0.06202729418873787
0.06119709089398384
0.06037430837750435
0.05956779792904854
0.058766674250364304
0.05797046795487404
0.05719129741191864
0.056424692273139954
0.05566849187016487
0.054922014474868774
0.05418495833873749
0.0534554086625576
0.0527326874434948
0.0520135872066021
0.051304686814546585
0.05060633271932602
0.04991421848535538
0.049223266541957855
0.04852382093667984
0.04784023389220238
0.04715866222977638
0.046484388411045074
0.045816440135240555
0.04515747353434563
0.044508203864097595
0.043867480009794235
0.043235912919044495
0.042616523802280426
0.042003050446510315
0.04139680415391922
0.040799498558044434
0.040207747370004654
0.03962508961558342
0.03904927894473076
0.03848249837756157
0.03792335465550423
0.037369225174188614
0.036823660135269165
0.0362849235534668
0.03575223684310913
0.035229094326496124
0.0347125269472599
0.03420351818203926
0.03370397165417671
0.033209748566150665
0.032724082469940186
0.032245807349681854
0.03177522495388985
0.03130755200982094
0.030849354341626167
0.030397076159715652
0.02995353378355503
0.02951602265238762
0.02908421866595745
0.028660565614700317
0.028238805010914803
0.027823153883218765
0.027415361255407333
0.027013033628463745
0.026618175208568573
0.026230737566947937
0.025848329067230225
0.02547103725373745
0.02509908564388752
0.024732353165745735
0.024372650310397148
0.02401658333837986
0.02366390824317932
0.023316245526075363
0.022973796352744102
0.022637706249952316
0.02230476588010788
0.021979525685310364
0.021655840799212456
0.02133817970752716
0.0210230965167284
0.020710792392492294
0.02040031924843788
0.020091619342565536
0.019784603267908096
0.019479850307106972
0.01918039657175541
0.018884556367993355
0.01859305053949356
0.018306268379092216
0.018024971708655357
0.017747800797224045
0.017474912106990814
0.017207374796271324
0.01694115623831749
0.01668081246316433
0.016423674300312996
0.016171272844076157
0.015920890495181084
0.015675446018576622
0.01543425116688013
0.015198005363345146
0.014965520240366459
0.014733849093317986
0.014505927450954914
0.01427999697625637
0.014059729874134064
0.013842380605638027
0.013631532900035381
0.013421548530459404
0.013216697610914707
0.013015884906053543
0.012817852199077606
0.01262438390403986
0.01243563648313284
0.012248613871634007
0.012065946124494076
0.011888121254742146
0.011712176725268364
0.011540773324668407
0.011371493339538574
0.01120560709387064
0.011041320860385895
0.0108798174187541
0.010721239261329174
0.010565072298049927
0.010410855524241924
0.010258657857775688
0.010109308175742626
0.009961994364857674
0.009816796518862247
0.009674495086073875
0.009534122422337532
0.009396526962518692
0.009260373190045357
0.009126751683652401
0.008994883857667446
0.008865432813763618
0.008737153373658657
0.008611380122601986
0.00848839059472084
0.008367875590920448
0.008249825797975063
0.008134600706398487
0.008020511828362942
0.00790819525718689
0.007797646801918745
0.007688432931900024
0.007580514531582594
0.007475092075765133
0.007371075917035341
0.007268430199474096
0.007166697643697262
0.007067237515002489
0.006969083566218615
0.006872468162328005
0.006777090020477772
0.006682540290057659
0.006588966120034456
0.006496667396277189
0.006405152380466461
0.006315422710031271
0.006226095370948315
0.006137988530099392
0.006051874253898859
0.005965875461697578
0.005881940014660358
0.005799356382340193
0.005717721302062273
0.005637388676404953
0.005558319389820099
0.005479942541569471
0.005403274670243263
0.005327258724719286
0.005252245347946882
0.005178170744329691
0.005104913841933012
0.005032606888562441
0.004960921593010426
0.0048906560987234116
0.004820953123271465
0.004752348642796278
0.004684776999056339
0.0046180072240531445
0.004551841411739588
0.004486847668886185
0.004422673489898443
0.004359339829534292
0.004297550301998854
0.00423659011721611
0.004175785928964615
0.004115831572562456
0.0040575433522462845
0.003999697044491768
0.003942443523555994
0.0038861993234604597
0.003830826608464122
0.00377600803039968
0.003722346853464842
0.0036693501751869917
0.003616935573518276
0.0035649470519274473
0.0035139168612658978
0.0034636901691555977
0.0034141731448471546
0.00336541049182415
0.0033171777613461018
0.003270077519118786
0.003223264357075095
0.0031770060304552317
0.0031313011422753334
0.003086718497797847
0.0030419188551604748
0.0029985562432557344
0.002955201081931591
0.0029132228810340166
0.0028712351340800524
0.0028299749828875065
0.002789149759337306
0.0027489459607750177
0.0027093265671283007
0.0026701672468334436
0.0026324603240936995
0.002594604855403304
0.0025577200576663017
0.002521258546039462
0.002485036151483655
0.002449445426464081
0.0024144831113517284
0.0023802851792424917
0.0023463780526071787
0.002313010860234499
0.0022802059538662434
0.0022475195582956076
0.002215165412053466
0.002183430129662156
0.002152190776541829
0.002121112309396267
0.00209057773463428
0.0020602408330887556
0.002030174480751157
0.002000668318942189
0.001971544697880745
0.0019427462248131633
0.0019144084071740508
0.0018864425364881754
0.0018589848186820745
0.001831796602346003
0.0018049852224066854
0.0017789665143936872
0.0017531707417219877
0.001727974391542375
0.0017031871248036623
0.0016790381632745266
0.001655160915106535
0.0016316957771778107
0.0016088619595393538
0.001586174126714468
0.00156385637819767
0.0015419351402670145
0.0015202435897663236
0.0014987851027399302
0.0014777020551264286
0.001457067090086639
0.0014364480739459395
0.0014164292952045798
0.0013966523110866547
0.0013773327227681875
0.0013584049884229898
0.0013398652663454413
0.0013216198422014713
0.0013034866424277425
0.0012858555419370532
0.0012686271220445633
0.0012513393303379416
0.001234380411915481
0.0012178189354017377
0.00120144325774163
0.0011854455806314945
0.0011697119334712625
0.0011540523264557123
0.0011387021513655782
0.0011237687431275845
0.0011089927284047008
0.001094376901164651
0.0010800570016726851
0.001066097873263061
0.0010521711083129048
0.0010385944042354822
0.0010252372594550252
0.001011812943033874
0.0009984715143218637
0.0009853928349912167
0.0009724025148898363
0.0009595241863280535
0.0009468002244830132
0.0009342823177576065
0.0009220259380526841
0.0009098781738430262
0.0008978120749816298
0.0008860963862389326
0.0008743415819481015
0.0008628810755908489
0.0008513983339071274
0.0008401244995184243
0.0008290036348626018
0.000817971071228385
0.000807155214715749
0.00079638249007985
0.0007858003955334425
0.0007752544479444623
0.0007649572216905653
0.0007547471323050559
0.000744634831789881
0.0007346446509473026
0.0007247896865010262
0.000715038797352463
0.0007054596208035946
0.0006960712489672005
0.0006867930060252547
0.0006777186645194888
0.0006687107379548252
0.0006598925683647394
0.0006512227118946612
0.0006426141480915248
0.000634046271443367
0.0006257851491682231
0.0006174860172905028
0.0006094497512094676
0.0006014728569425642
0.0005934112705290318
0.0005857703508809209
0.0005779213970527053
0.0005704169161617756
0.0005629703518934548
0.0005555101088248193
0.0005482117412611842
0.0005409140721894801
0.0005338043556548655
0.0005267576780170202
0.0005197789869271219
0.0005129381315782666
0.000506097509060055
0.0004994132905267179
0.0004927528789266944
0.0004862503265030682
0.0004798478912562132
0.00047351978719234467
0.0004672055074479431
0.00046098409802652895
0.0004548314609564841
0.00044871115824207664
0.0004427935346029699
0.00043684581760317087
0.00043099705362692475
0.0004252621438354254
0.0004195961228106171
0.00041404159856028855
0.00040853649261407554
0.0004031729476992041
0.0003977749147452414
0.00039254536386579275
0.00038739503361284733
0.0003822802391368896
0.00037734044599346817
0.00037233674083836377
0.0003674628387670964
0.0003626792167779058
0.00035797516466118395
0.00035332809784449637
0.000348747824318707
0.00034420567681081593
0.00033971070661209524
0.0003352577332407236
0.0003308795567136258
0.00032658554846420884
0.000322326784953475
0.00031815224792808294
0.0003139123145956546
0.0003098040178883821
0.000305733090499416
0.00030171399703249335
0.0002977450203616172
0.00029385596280917525
0.0002899716782849282
0.00028610375011339784
0.0002823294198606163
0.00027863759896717966
0.000274931633612141
0.00027126987697556615
0.0002676474687177688
0.00026407185941934586
0.000260593747952953
0.00025710088084451854
0.0002536964020691812
0.00025033793644979596
0.0002470086619723588
0.0002436766226310283
0.00024043578014243394
0.0002372386952629313
0.00023405387764796615
0.0002309214905835688
0.00022783971508033574
0.00022477106540463865
0.00022173879551701248
0.0002187541831517592
0.00021583025227300823
0.00021290882432367653
0.00021002446010243148
0.0002072152856271714
0.00020439714717213064
0.00020162612781859934
0.000198901558178477
0.00019616048666648567
0.00019352769595570862
0.00019090555724687874
0.0001883416553027928
0.00018582912161946297
0.00018332037143409252
0.00018090596131514758
0.0001784524938557297
0.00017606849723961204
0.00017372910224366933
0.0001713991368887946
0.00016912880528252572
0.00016686618619132787
0.00016462219355162233
0.00016241050616372377
0.00016022280033212155
0.0001580637035658583
0.00015592880663461983
0.0001538197393529117
0.00015173079736996442
0.00014966550224926323
0.00014761766942683607
0.00014559544797521085
0.0001435877929907292
0.00014160490536596626
0.0001396792067680508
0.00013776968989986926
0.00013587663124781102
0.0001340131857432425
0.00013216608203947544
0.0001303642347920686
0.00012858198897447437
0.00012681689986493438
0.00012504779442679137
0.0001233448856510222
0.00012162793427705765
0.00011996838293271139
0.00011832275777123868
0.00011671763786580414
0.00011512592027429491
0.0001135499551310204
0.00011200056178495288
0.00011047516454709694
0.00010895912419073284
0.00010746884072432294
0.00010599787492537871
0.00010454516450408846
0.00010315223335055634
0.00010175524948863313
0.00010039959306595847
9.902985038934276e-05
9.76994342636317e-05
9.638266055844724e-05
9.507720824331045e-05
9.380328992847353e-05
9.251724986825138e-05
9.127927478402853e-05
9.003587911138311e-05
8.883889677235857e-05
8.762183279031888e-05
8.643944602226838e-05
8.528705075150356e-05
8.417730714427307e-05
8.306295785587281e-05
8.199021249311045e-05
8.088113827398047e-05
7.985479896888137e-05
7.877052121330053e-05
7.776533311698586e-05
7.670753984712064e-05
7.571974856546149e-05
7.469383854186162e-05
7.37027803552337e-05
7.272539369296283e-05
7.175486098276451e-05
7.080985233187675e-05
6.983248022152111e-05
6.89011940266937e-05
6.795921945013106e-05
6.704130646539852e-05
6.613726873183623e-05
6.525592471007258e-05
6.436412513721734e-05
6.350886542350054e-05
6.265934644034132e-05
6.181138451211154e-05
6.0976257373113185e-05
6.015740291331895e-05
5.933377906330861e-05
5.855072595295496e-05
5.7759101764531806e-05
5.698204040527344e-05
5.6216431403299794e-05
5.54773178009782e-05
5.4731910495320335e-05
5.399384826887399e-05
5.325415258994326e-05
5.254913412500173e-05
5.1817612984450534e-05
5.111452264827676e-05
5.042351767770015e-05
4.9727794248610735e-05
4.9076126742875203e-05
4.8404417611891404e-05
4.7786597860977054e-05
4.711109068011865e-05
4.649324910133146e-05
4.584176713251509e-05
4.524443284026347e-05
4.4626645831158385e-05
4.404403080116026e-05
4.3440752051537856e-05
4.285791146685369e-05
4.2278592445654795e-05
4.1691280785016716e-05
4.113773684366606e-05
4.058519334648736e-05
4.003351932624355e-05
3.949514211853966e-05
3.897743226843886e-05
3.8440626667579636e-05
3.7921967305010185e-05
3.741123146028258e-05
3.6916731914971024e-05
3.641837975010276e-05
3.5934961488237604e-05
3.545234721968882e-05
3.498070509522222e-05
3.4503529604990035e-05
3.4044751373585314e-05
3.35836703015957e-05
3.312513945274986e-05
3.2670395739842206e-05
3.2222964364336804e-05
3.178470433340408e-05
3.135300721623935e-05
3.092742190347053e-05
3.0505689210258424e-05
3.007698069268372e-05
2.966323336295318e-05
2.9247828933876008e-05
2.8850028684246354e-05
2.8455329811549746e-05
2.8071337510482408e-05
2.7690697606885806e-05
2.7316544219502248e-05
2.6954783606925048e-05
2.6587256797938608e-05
2.6236051780870184e-05
2.5886043658829294e-05
2.5544255549903028e-05
2.5202978576999158e-05
2.486887933628168e-05
2.454208515700884e-05
2.4218088583438657e-05
2.3891878299764358e-05
2.3578357286169194e-05
2.326516550965607e-05
2.2954083760851063e-05
2.2651358449365944e-05
2.2355283363140188e-05
2.205830423918087e-05
2.1772777472506277e-05
2.1484820535988547e-05
2.1198971808189526e-05
2.0919469534419477e-05
2.0636272893170826e-05
2.0369479898363352e-05
2.009609124797862e-05
1.984909067687113e-05
1.958264874701854e-05
1.933840940182563e-05
1.9087663531536236e-05
1.885762503661681e-05
1.8614864529808983e-05
1.8384798750048503e-05
1.8152362827095203e-05
1.7931861293618567e-05
1.7713455235934816e-05
1.749638977344148e-05
1.7285748981521465e-05
1.7074135030270554e-05
1.6868929378688335e-05
1.6663365386193618e-05
1.6454998331028037e-05
1.6253485227935016e-05
1.6052777937147766e-05
1.5852767319302075e-05
1.564925696584396e-05
1.5455734683200717e-05
1.5256944607244805e-05
1.5063732462294865e-05
1.4867145182506647e-05
1.4676259525003843e-05
1.4477977856586222e-05
1.4293355889094528e-05
1.4105576155998278e-05
1.3925317944085691e-05
1.374379553453764e-05
1.3567128917202353e-05
1.3392544133239426e-05
1.3221558219811413e-05
1.3049681001575664e-05
1.2879205314675346e-05
1.2708985195786227e-05
1.2543185221147723e-05
1.2374021025607362e-05
1.2209638043714222e-05
1.2046223673678469e-05
1.1888568224094342e-05
1.172735483123688e-05
1.1575300959520973e-05
1.1416249435569625e-05
1.1263746273471043e-05
1.1109392289654352e-05
1.0959315659420099e-05
1.0807151738845278e-05
1.0663983630365692e-05
1.051664185069967e-05
1.0375993042543996e-05
1.023085496854037e-05
1.0090121577377431e-05
9.950771527655888e-06
9.814219083636999e-06
9.681024494057056e-06
9.549369679007214e-06
9.41638063522987e-06
9.288697583542671e-06
9.15854161576135e-06
9.033220521814656e-06
8.909192729333881e-06
8.787409569777083e-06
8.66767641127808e-06
8.547758625354618e-06
8.429498848272488e-06
8.313357284350786e-06
8.200460797525011e-06
8.087528840405867e-06
7.977654604474083e-06
7.868064130889252e-06
7.761891538393684e-06
7.656522939214483e-06
7.556246146123158e-06
7.456297680619173e-06
7.357901267823763e-06
7.260199708980508e-06
7.164336238929536e-06
7.066756097628968e-06
6.9735137913085055e-06
6.880687578814104e-06
6.78646983942599e-06
6.696066066069761e-06
6.603956080653006e-06
6.514801498269662e-06
6.426123491110047e-06
6.339578703773441e-06
6.252800176298479e-06
6.169013886392349e-06
6.086095709179062e-06
6.0054921959817875e-06
5.9230228544038255e-06
5.844946372235427e-06
5.7649208429211285e-06
5.6875860536820255e-06
5.609917479887372e-06
5.535133823286742e-06
5.461239652504446e-06
5.389376383391209e-06
5.316861461324152e-06
5.246132786851376e-06
5.175092610443244e-06
5.105564468976809e-06
5.038427843828686e-06
4.969387646269752e-06
4.90179536427604e-06
4.8358069761889055e-06
4.773042746819556e-06
4.7079374780878425e-06
4.644736236514291e-06
4.581454504659632e-06
4.5185538510850165e-06
4.458132934814785e-06
4.396610620460706e-06
4.338645339885261e-06
4.279328550182981e-06
4.221742074150825e-06
4.166203780187061e-06
4.110098416276742e-06
4.056238140037749e-06
4.003244157502195e-06
3.950827704102267e-06
3.898892828146927e-06
3.8482517084048595e-06
3.798640136665199e-06
3.7499642075999873e-06
3.7018642160546733e-06
3.654129386632121e-06
3.6070032365387306e-06
3.5624500469566556e-06
3.5166292491339846e-06
3.4735076042125e-06
3.4300478546356317e-06
3.388411187188467e-06
3.346641506141168e-06
3.305562813693541e-06
3.265658733653254e-06
3.225372665838222e-06
3.18568936563679e-06
3.1482341000810266e-06
3.1100789783522487e-06
3.0730702746950556e-06
3.035736199308303e-06
2.9997981982887723e-06
2.9623422506119823e-06
2.9270922823343426e-06
2.891304802687955e-06
2.8548477075673873e-06
2.8188601390866097e-06
2.783940544759389e-06
2.748338602032163e-06
2.7137682536704233e-06
2.677609927559388e-06
2.6432819595356705e-06
2.60837282439752e-06
2.575373628133093e-06
2.541026788094314e-06
2.507310682631214e-06
2.475035216775723e-06
2.4423509330517845e-06
2.4109226615109947e-06
2.3796908408257877e-06
2.3491149931942346e-06
2.3188999875856098e-06
2.288984660481219e-06
2.259827169837081e-06
2.2314375200949144e-06
2.203132680733688e-06
2.1749349343735958e-06
2.1472769731190056e-06
2.121141960742534e-06
2.0944287371094106e-06
2.068580442937673e-06
2.0430793483683374e-06
2.0179181774437893e-06
1.9928299934690585e-06
1.9680162495205877e-06
1.9441292806732235e-06
1.9208785033697495e-06
1.8986983150171e-06
1.8762383433568175e-06
1.853729827416828e-06
1.8310743143956643e-06
1.8088215938405483e-06
1.7864506389742019e-06
1.7649033452471485e-06
1.7436323105357587e-06
1.723160039546201e-06
1.703124439700332e-06
1.6833901099744253e-06
1.6638734905427555e-06
1.64448988471122e-06
1.6247199710051063e-06
1.6058914980021655e-06
1.5871667073952267e-06
1.5686363212807919e-06
1.549620378682448e-06
1.5313250969484216e-06
1.5134371551539516e-06
1.4961353826947743e-06
1.4791065723329666e-06
1.461802071389684e-06
1.445230736862868e-06
1.4289810223999666e-06
1.4125436109679868e-06
1.3960204796603648e-06
1.3800198530589114e-06
1.364404738524172e-06
1.348783712273871e-06
1.3338742519408697e-06
1.3193960057833465e-06
1.3050411098447512e-06
1.2913494629174238e-06
1.2777492202076246e-06
1.2640649629247491e-06
1.2506765187936253e-06
1.237346282323415e-06
1.2249230394445476e-06
1.2116985317334183e-06
1.1987461903117946e-06
1.1860992117362912e-06
1.1736760825442616e-06
1.1605595773289679e-06
1.1484934248073841e-06
1.1352939282005536e-06
1.1228627272430458e-06
1.1104739314760081e-06
1.0977571491821436e-06
1.0859024541787221e-06
1.074165652426018e-06
1.0628442623783485e-06
1.050900550580991e-06
1.0395722256362205e-06
1.0280693913955474e-06
1.0167138952965615e-06
1.0056844530481612e-06
9.940144991560373e-07
9.83193785941694e-07
9.719100262373104e-07
9.60954139372916e-07
9.498611461822293e-07
9.391659432367305e-07
9.288186788580788e-07
9.18570663088758e-07
9.077105573851441e-07
8.977937113741064e-07
8.879495680957916e-07
8.7802493453637e-07
8.682440579832473e-07
8.586994226789102e-07
8.491448397762724e-07
8.398050113100908e-07
8.306639074362465e-07
8.213193609662994e-07
8.121110681713617e-07
8.031279890019505e-07
7.94301854512014e-07
7.855080070839904e-07
7.771683385726647e-07
7.687172569603717e-07
7.604868415000965e-07
7.521600764448522e-07
7.441552725140355e-07
7.362531277976814e-07
7.284475032065529e-07
7.207739258774382e-07
7.13096426352422e-07
7.05452748661628e-07
6.979640261306486e-07
6.90378158196836e-07
6.831524501649255e-07
6.760058113286505e-07
6.68772315748356e-07
6.616839982598322e-07
6.548426085828396e-07
6.475563054664235e-07
6.406474426512432e-07
6.335127977763477e-07
6.263934437811258e-07
6.194502475409536e-07
6.123219122855517e-07
6.056461074877006e-07
5.988180760141404e-07
5.924194397266547e-07
5.857008886778203e-07
5.793324930891686e-07
5.727395091525977e-07
5.6675213500057e-07
5.602055352937896e-07
5.542271424019418e-07
5.478921139001613e-07
5.419909143711266e-07
5.360585646485561e-07
5.30580962276872e-07
5.247039780442719e-07
5.196652068661933e-07
5.138849701324943e-07
5.08972675561381e-07
5.037989581069269e-07
4.988906425751338e-07
4.937744506605668e-07
4.886819056082459e-07
4.834956257582235e-07
4.784590146300616e-07
4.736676260108652e-07
4.688017156695423e-07
4.639925066385331e-07
4.5928499048386584e-07
4.5457741748577973e-07
4.5012760097051796e-07
4.453683857263968e-07
4.4080903194299026e-07
4.362524919088173e-07
4.317541879572673e-07
4.2735004512906016e-07
4.2313527615078783e-07
4.1859973975988396e-07
4.1420898355681857e-07
4.0976456716634857e-07
4.0559609715273837e-07
4.0105445009430696e-07
3.969614681409439e-07
3.924913301034394e-07
3.8843722904857714e-07
3.8435010196735675e-07
3.8043964423195575e-07
3.763195479677961e-07
3.7266875096975127e-07
3.691491485824372e-07
3.657505942555872e-07
3.623539157615596e-07
3.5892389860237017e-07
3.5549018662095477e-07
3.524138492139173e-07
3.4882194199781225e-07
3.4548918392829364e-07
3.4207707244604535e-07
3.387268634469365e-07
3.3537753552081995e-07
3.3207030014636985e-07
3.2887038514672895e-07
3.2580368269918836e-07
3.2254868642667134e-07
3.193111410837446e-07
3.158131391955976e-07
3.12617601139209e-07
3.094218641308544e-07
3.0627586511400295e-07
3.0328467914841895e-07
3.0015365837243735e-07
2.9715070581914915e-07
2.9429011760839785e-07
2.9132388590369374e-07
2.8852181799265963e-07
2.856009757579159e-07
2.827432012963982e-07
2.7998262908113247e-07
2.7720710704670637e-07
2.745388201219612e-07
2.717492009196576e-07
2.692503642265365e-07
2.665530871581723e-07
2.639128524606349e-07
2.612370622046001e-07
2.585327081305877e-07
2.5595184638405044e-07
2.5335009468108183e-07
2.507812268959242e-07
2.483702985500713e-07
2.4575467705290066e-07
2.4346542204511934e-07
2.409980481843377e-07
2.386932180797885e-07
2.3640778579192556e-07
2.3394080983507592e-07
2.315393743401728e-07
2.2927626730506745e-07
2.2701267710090178e-07
2.2465967219886807e-07
2.2235711583107332e-07
2.2015352385551523e-07
2.1784074988318025e-07
2.1568872909938364e-07
2.135869863195694e-07
2.113551431648375e-07
2.0933721600613353e-07
2.0716305471069063e-07
2.0515776100182848e-07
2.0299439995596913e-07
2.0108583953515335e-07
1.98946779050857e-07
1.9694257957780792e-07
1.949350831864649e-07
1.9286970598386688e-07
1.9108074411633424e-07
1.8889649311404355e-07
1.872091246468699e-07
