nan
4.33051872253418
4.332852840423584
4.331270217895508
4.332993507385254
4.332646369934082
4.331319332122803
4.331369400024414
4.329317092895508
4.332277297973633
4.331264972686768
4.33071756362915
4.330513954162598
4.3311543464660645
4.329799175262451
4.32974100112915
4.328446388244629
4.327173233032227
4.32917594909668
4.327688217163086
4.326801300048828
4.327603816986084
4.32521915435791
4.327236175537109
4.325903415679932
4.325350284576416
4.325769424438477
4.324503421783447
4.324916362762451
4.323374271392822
4.323690891265869
4.322775363922119
4.323952674865723
4.323153495788574
4.323042869567871
4.322502136230469
4.323174953460693
4.321719169616699
4.322082996368408
4.320818901062012
4.320680618286133
4.319169998168945
4.320607662200928
4.317047595977783
4.318171977996826
4.3196940422058105
4.317520618438721
4.316196441650391
4.315374374389648
4.315214157104492
4.3169121742248535
4.317039489746094
4.316388130187988
4.316600322723389
4.315438270568848
4.315866470336914
4.313900470733643
4.31453275680542
4.314115524291992
4.311963081359863
4.312716960906982
4.312802314758301
4.311781406402588
4.31193733215332
4.31145715713501
4.310909748077393
4.310791015625
4.309718132019043
4.306890964508057
4.310372829437256
4.310028553009033
4.309713363647461
4.308599472045898
4.307880401611328
4.306153297424316
4.3086395263671875
4.307171821594238
4.3078813552856445
4.305578708648682
4.305312633514404
4.304919242858887
4.3053436279296875
4.304749488830566
4.305182933807373
4.3048319816589355
4.3040571212768555
4.301573753356934
4.301366806030273
4.301332950592041
4.303289890289307
4.300479412078857
4.301759243011475
4.300159931182861
4.3024396896362305
4.300776958465576
4.298810005187988
4.298966407775879
4.299108982086182
4.2967023849487305
4.29796838760376
4.295589923858643
4.295734405517578
4.297018051147461
4.295883655548096
4.29580545425415
4.294551372528076
4.293229103088379
4.2953972816467285
4.298079490661621
4.292548656463623
4.294950485229492
4.294731140136719
4.295232772827148
4.293045997619629
4.291347503662109
4.290358066558838
4.291285037994385
4.2913899421691895
4.289811611175537
4.293886661529541
4.289766788482666
4.288998603820801
4.288539409637451
4.289811134338379
4.2913384437561035
4.288781642913818
4.291749000549316
4.2882513999938965
4.288959503173828
4.285539627075195
4.287297248840332
4.287490367889404
4.28513765335083
4.2858662605285645
4.284270763397217
4.284818649291992
4.285839080810547
4.280880928039551
4.283389091491699
4.282111167907715
4.282464027404785
4.281593322753906
4.280440807342529
4.2820539474487305
4.28043270111084
4.279287338256836
4.282130718231201
4.277041912078857
4.278892993927002
4.2817301750183105
4.282625675201416
4.280117034912109
4.279654026031494
4.278469562530518
4.279018402099609
4.279190540313721
4.279354572296143
4.277982234954834
4.279897689819336
4.277626037597656
4.277146816253662
4.275575637817383
4.27645206451416
4.275986671447754
4.277363300323486
4.276145935058594
4.273305892944336
4.273345947265625
4.273637294769287
4.274703502655029
4.274666786193848
4.271807670593262
4.273207187652588
4.273053169250488
4.270164966583252
4.275056838989258
4.272911548614502
4.269082546234131
4.271512985229492
4.272080898284912
4.270845890045166
4.27039098739624
4.26688289642334
4.268895149230957
4.270533561706543
4.269994735717773
4.268847942352295
4.268470287322998
4.271418571472168
4.27028751373291
4.270191669464111
4.267698287963867
4.2670578956604
4.269617557525635
