nan
4.33078670501709
4.330768585205078
4.330772399902344
4.330741882324219
4.330733776092529
4.330722332000732
4.3306884765625
4.330692768096924
4.330685138702393
4.330684661865234
4.330697059631348
4.330659866333008
4.330642223358154
4.330638885498047
0
0
0
0
0
0
0
0
0
4.330601692199707
0
0
0
0
0
0
0
4.330585956573486
4.330564975738525
4.330599308013916
0
0
0
0
0
0
0
0
0
0
0
0
0
0
0
0
0
0
0
0
4.330448627471924
4.330461502075195
4.3304548263549805
4.3304338455200195
4.330431938171387
0
0
0
0
0
4.330299377441406
0
4.330289840698242
0
0
0
0
0
0
0
0
0
0
0
0
4.330256462097168
4.330239772796631
4.3302226066589355
4.330234527587891
4.330234527587891
4.330258369445801
4.330239772796631
4.330214023590088
4.330183029174805
4.330159664154053
0
0
0
0
0
4.330007553100586
4.3299713134765625
4.329981803894043
4.329912185668945
4.329953193664551
0
0
0
0
0
0
4.329825401306152
4.329838752746582
0
0
4.329934120178223
4.329936981201172
4.329892158508301
4.329898834228516
4.329875469207764
nan
nan
nan
nan
nan
nan
nan
nan
nan
nan
0
0
0
0
0
nan
nan
nan
nan
nan
0
0
0
0
0
nan
nan
nan
nan
nan
nan
nan
nan
nan
nan
0
0
0
0
0
nan
nan
nan
nan
nan
nan
nan
nan
nan
nan
0
0
0
0
0
nan
nan
