4.306182861328125
4.304510116577148
4.284148693084717
4.243765830993652
4.192569732666016
4.132549285888672
4.067002773284912
3.9977433681488037
3.9305953979492188
3.8612356185913086
3.793626308441162
3.7279348373413086
3.668233633041382
3.612147331237793
3.561048984527588
3.517456293106079
3.4811158180236816
3.451540470123291
3.4286675453186035
3.408376932144165
3.3910112380981445
3.37532377243042
3.359727621078491
3.3459298610687256
3.3329930305480957
3.3217201232910156
3.3116557598114014
3.302941083908081
3.413006067276001
4.160802364349365
