4.330641746520996
4.33065938949585
4.330613136291504
4.330554485321045
4.330490589141846
4.330418109893799
4.330338954925537
4.330249786376953
4.330151081085205
4.330044269561768
4.329923152923584
4.329785346984863
4.3296427726745605
4.329476833343506
4.329304218292236
4.329113960266113
4.328909397125244
4.328685283660889
4.328433990478516
4.328185081481934
4.327904224395752
4.327611446380615
4.327292442321777
4.3269548416137695
4.3265910148620605
4.326220989227295
4.325820446014404
4.3253984451293945
4.324940204620361
4.324474334716797
4.323970317840576
4.3234333992004395
4.322880268096924
4.32231330871582
4.321689128875732
4.321036338806152
4.3203654289245605
4.319646835327148
4.318923473358154
4.31814432144165
4.317317008972168
4.3164567947387695
4.31556510925293
4.314619541168213
4.313652992248535
4.312625408172607
4.3115668296813965
4.310477256774902
4.30931282043457
4.308116436004639
4.306866645812988
4.305563449859619
4.304213047027588
4.302775859832764
4.301319122314453
4.299810409545898
4.298224449157715
4.296577453613281
4.294878959655762
4.293095588684082
4.291266441345215
4.289392948150635
4.287408351898193
4.285368919372559
4.283268451690674
4.281094074249268
4.2788238525390625
4.276566982269287
4.274143695831299
4.271755218505859
4.2692766189575195
4.266661643981934
4.263934135437012
4.26127290725708
4.258402347564697
4.255473613739014
4.252465724945068
4.249302387237549
4.246126174926758
4.24282693862915
4.2395243644714355
4.235914707183838
4.232339859008789
4.228600978851318
4.2248005867004395
4.220880031585693
4.21680212020874
4.212568759918213
4.208217620849609
4.203860282897949
4.199245452880859
4.194547176361084
4.189667224884033
4.184658527374268
4.179448127746582
4.174108982086182
4.168590545654297
4.162990093231201
4.157012939453125
4.150936603546143
4.144665718078613
4.138192176818848
4.131503105163574
4.124454021453857
4.117264747619629
4.109864234924316
4.102158546447754
4.094161033630371
4.08594274520874
4.077338218688965
4.0684990882873535
4.059390544891357
4.049800872802734
4.040031909942627
4.029804706573486
4.019407749176025
4.0084638595581055
3.997295379638672
3.985546112060547
3.973508596420288
3.961315393447876
3.9484574794769287
3.935246467590332
3.9217493534088135
3.9081671237945557
3.893763780593872
3.8789119720458984
3.8641159534454346
3.8487191200256348
3.832908868789673
3.8168160915374756
3.8003580570220947
3.7832674980163574
3.7659687995910645
3.7486045360565186
3.7307918071746826
3.7128353118896484
3.694582223892212
3.676135778427124
3.6576175689697266
3.6390624046325684
3.620469093322754
3.601426362991333
3.5824501514434814
3.563396453857422
3.5443763732910156
3.5256900787353516
3.506635904312134
3.4882566928863525
3.469881772994995
3.4518167972564697
3.4341399669647217
3.4165875911712646
3.3993446826934814
3.382662057876587
3.3661949634552
3.3506767749786377
3.335444688796997
3.32080340385437
3.3068675994873047
3.2936506271362305
3.2808997631073
3.2688541412353516
3.2573511600494385
3.2464113235473633
3.2362959384918213
3.2264978885650635
3.217376947402954
3.2086329460144043
3.200164794921875
3.192070722579956
3.184161901473999
3.176442861557007
3.168792247772217
3.1612987518310547
3.1539056301116943
3.1466214656829834
3.1393563747406006
3.132192611694336
3.1252408027648926
3.1183526515960693
3.1115894317626953
3.104966878890991
3.098451852798462
3.0922794342041016
3.292332887649536
3.288008213043213
3.2843017578125
3.2833926677703857
3.2818117141723633
3.2806777954101562
3.284783124923706
3.285935401916504
3.285290241241455
3.285512685775757
3.284773588180542
3.2844696044921875
3.279719114303589
3.2781333923339844
3.278698205947876
3.278568983078003
3.2794382572174072
3.2789900302886963
3.280752420425415
3.2845258712768555
3.2843422889709473
3.28472900390625
3.2848589420318604
3.2846641540527344
3.2851462364196777
