4.3303542137146
4.330758094787598
4.330108642578125
4.330096244812012
4.330092430114746
4.3300933837890625
4.330096244812012
4.330568790435791
4.330826759338379
4.330828666687012
4.330828666687012
4.330827236175537
4.33082914352417
4.330679416656494
4.330674648284912
4.331014156341553
4.331017017364502
4.331013202667236
4.331010818481445
4.331026077270508
4.330821990966797
4.330822467803955
4.330392837524414
4.3303914070129395
4.3303937911987305
4.330397129058838
4.330390930175781
4.3306097984313965
4.3306097984313965
4.330714225769043
4.330711364746094
4.330713748931885
4.330713272094727
4.330710411071777
4.330747604370117
4.330749034881592
4.330875873565674
4.330873489379883
4.330875396728516
4.330872058868408
4.330873012542725
4.33151388168335
4.331513404846191
4.3303117752075195
4.330312728881836
4.3303093910217285
4.330310344696045
4.3303117752075195
4.330441951751709
4.330443382263184
4.330020904541016
4.330022811889648
4.33002233505249
4.3300299644470215
4.330023765563965
4.330284118652344
4.330285549163818
4.3306965827941895
4.330697059631348
4.330697536468506
4.3306989669799805
4.330699443817139
4.330495834350586
4.3304948806762695
4.330862045288086
4.33086633682251
4.330859661102295
4.330865383148193
4.330865383148193
4.33062219619751
4.330623149871826
4.330556392669678
4.3305559158325195
4.330552101135254
4.330556869506836
4.330558776855469
4.330468654632568
4.330470085144043
4.330657005310059
4.330657958984375
4.330658912658691
4.330656051635742
4.330656051635742
4.330164909362793
4.330165386199951
4.330700397491455
