4.329501152038574
4.331894397735596
4.331490516662598
4.330690383911133
4.329678058624268
4.332570552825928
4.332342147827148
4.331900596618652
4.331098556518555
4.330338001251221
4.3292717933654785
4.328422546386719
4.327413082122803
4.326562881469727
4.325910568237305
4.323382377624512
4.322877407073975
4.322320938110352
4.321666717529297
4.320723533630371
4.319845199584961
4.3188934326171875
4.3179097175598145
4.316869258880615
4.315825939178467
4.316072463989258
4.314934253692627
4.313716411590576
4.312490940093994
4.311229705810547
4.312476634979248
4.311403751373291
4.310401439666748
4.309414863586426
4.308448314666748
4.300030708312988
4.298683166503906
4.297207355499268
4.295730113983154
4.294180870056152
4.307534694671631
4.306586742401123
4.30571174621582
4.3048882484436035
4.304097652435303
4.288915634155273
4.287723541259766
4.28636360168457
4.284881114959717
4.2833170890808105
4.285501956939697
4.2838850021362305
4.282236099243164
4.280531883239746
4.278846263885498
4.280133247375488
4.278574466705322
4.276973247528076
4.275403022766113
4.273797512054443
4.259397029876709
4.257650375366211
4.255758762359619
4.253688335418701
4.25198221206665
4.255013465881348
4.2527642250061035
4.250514507293701
4.248345851898193
4.246194362640381
4.256740093231201
4.254993438720703
4.253400802612305
4.251792907714844
4.250339508056641
4.242130279541016
4.2409467697143555
4.239865779876709
4.238836765289307
4.2378082275390625
4.223351955413818
4.221704483032227
4.219777584075928
4.217686653137207
4.215334415435791
4.216177463531494
4.213691234588623
4.211275577545166
4.208824157714844
4.206607818603516
4.214364051818848
4.212396144866943
4.210498332977295
4.208544731140137
4.206636905670166
4.1984992027282715
4.196778297424316
4.194930553436279
4.193210601806641
4.191503047943115
4.196256637573242
4.194643497467041
4.193047046661377
4.1915435791015625
4.190104007720947
4.1913018226623535
4.189946174621582
4.188587665557861
4.18732213973999
4.1861252784729
4.167640209197998
4.166284084320068
4.164957523345947
4.163435459136963
4.161961555480957
4.224839210510254
4.224102973937988
4.223316669464111
4.222795009613037
4.221950054168701
4.183444023132324
4.182518005371094
4.181622505187988
4.180605411529541
4.179537773132324
4.157747745513916
4.156508922576904
4.154953479766846
4.1533122062683105
4.1515583992004395
4.162513256072998
4.160735130310059
4.158921241760254
4.157137393951416
4.155542850494385
