nan
4.330686092376709
4.3306756019592285
4.330591201782227
4.3305439949035645
4.33048677444458
4.330392837524414
4.330287456512451
4.330223083496094
4.330232620239258
4.330029487609863
4.329954624176025
4.329894065856934
4.329777240753174
4.329570293426514
4.329533576965332
4.329317092895508
4.329119682312012
4.328976631164551
4.328668594360352
4.3285980224609375
4.328474998474121
4.32826042175293
4.327940940856934
4.32809591293335
4.3275275230407715
4.327259540557861
4.327115535736084
4.326835632324219
4.326578617095947
4.326292514801025
4.326106548309326
4.3256425857543945
4.325283050537109
4.3242645263671875
4.323995113372803
4.323579788208008
4.323646545410156
4.322903156280518
4.32195520401001
4.321976184844971
4.321475982666016
4.321310520172119
4.320265293121338
4.319371223449707
4.3196330070495605
4.319127082824707
4.31779146194458
4.317385673522949
4.316993236541748
4.315764427185059
4.31643009185791
4.314004898071289
4.3145904541015625
4.314345359802246
4.312144756317139
4.311906337738037
4.3102593421936035
4.309841156005859
4.310042381286621
4.308351039886475
4.306886196136475
4.306804656982422
4.306588649749756
4.305568218231201
4.30586051940918
4.3046112060546875
4.3025689125061035
4.301362991333008
4.300381660461426
4.301104545593262
4.300224304199219
4.298127174377441
4.295950889587402
4.296299457550049
4.295766830444336
4.293925762176514
4.292123794555664
4.289761543273926
4.289384365081787
4.292883396148682
4.2870659828186035
4.289082050323486
4.28765344619751
4.285616874694824
4.2823357582092285
4.281528949737549
4.282342910766602
4.27989387512207
4.275554656982422
4.2775068283081055
4.27748966217041
4.279594421386719
4.276813507080078
4.27260160446167
4.269995212554932
4.266814708709717
4.262988090515137
4.265956401824951
4.266326904296875
4.266946315765381
4.264972686767578
4.2661967277526855
4.261407375335693
4.260311126708984
4.269598007202148
4.2605414390563965
4.254826068878174
4.25344181060791
4.259648323059082
4.247442245483398
4.24717903137207
4.256814479827881
4.24625301361084
4.249988079071045
4.249872207641602
4.241592884063721
4.2415852546691895
4.24155855178833
4.238314628601074
4.237159729003906
4.233697414398193
4.233893871307373
4.232163906097412
4.224617958068848
4.224328517913818
4.225052833557129
4.23166561126709
4.23289155960083
4.223154544830322
4.222509860992432
4.216061592102051
4.215473651885986
4.207368850708008
4.216598033905029
4.2084550857543945
4.210289478302002
4.213272571563721
4.20924711227417
4.201118469238281
4.2041120529174805
4.201111793518066
4.197171211242676
4.1930012702941895
4.191155433654785
4.191806316375732
4.186103820800781
4.19731330871582
4.179302215576172
4.18805456161499
4.193417072296143
4.180787563323975
4.175611972808838
4.181824207305908
4.180068492889404
4.170821666717529
4.170814514160156
4.154521465301514
4.169566631317139
4.173758506774902
4.173834323883057
4.157904624938965
4.161642074584961
4.1609649658203125
4.156563758850098
4.170100212097168
4.1461310386657715
4.156471252441406
4.15692138671875
4.145881652832031
4.155603885650635
4.147364616394043
4.126108646392822
4.146556854248047
4.166750431060791
4.1602983474731445
4.13984489440918
4.131948471069336
4.1374335289001465
4.129049777984619
4.128720283508301
4.13046407699585
4.151236057281494
4.118138313293457
4.131342887878418
4.120973110198975
4.12225866317749
4.122952938079834
4.115100860595703
4.124217510223389
4.127233982086182
4.107917308807373
4.125828266143799
4.126306533813477
4.1225175857543945
4.089550495147705
4.094743728637695
4.101634502410889
4.099301815032959
4.08989143371582
4.117443084716797
4.106445789337158
4.075229167938232
4.088109493255615
4.08209228515625
4.12236213684082
4.087062835693359
4.0880560874938965
4.080526351928711
4.092152118682861
4.069023609161377
4.06710958480835
4.0649542808532715
4.092121124267578
4.061856269836426
4.061689853668213
4.063194751739502
4.05238676071167
4.064049243927002
4.057695388793945
4.0547776222229
4.052562236785889
4.0422682762146
4.054089069366455
4.064417839050293
4.038033485412598
4.052388668060303
4.023617744445801
4.054642677307129
4.024388313293457
4.055636405944824
4.016696929931641
4.018169403076172
4.075134754180908
4.018423557281494
4.001990795135498
4.051245212554932
4.004109859466553
4.019038200378418
4.029638767242432
4.00790548324585
4.0226826667785645
3.990161657333374
4.026342391967773
4.047920227050781
3.99800968170166
4.00535249710083
3.9929230213165283
3.9743359088897705
3.9897067546844482
3.9800326824188232
4.025825500488281
3.968554735183716
4.021838188171387
3.9784085750579834
4.036544322967529
3.9842336177825928
3.9918203353881836
3.950665235519409
3.9574804306030273
3.9494946002960205
3.969782590866089
3.976227045059204
3.955554723739624
3.9657046794891357
3.996429681777954
3.990342140197754
3.96870493888855
3.9642491340637207
3.9739081859588623
3.943380832672119
3.922637701034546
3.9779133796691895
3.9194068908691406
3.951456069946289
3.940131425857544
3.932013750076294
3.9192495346069336
3.9426379203796387
3.9460456371307373
3.9150593280792236
3.9827303886413574
3.937030792236328
4.008284568786621
3.929680824279785
3.941183567047119
3.9113144874572754
3.888516902923584
3.9191689491271973
3.915583848953247
3.9155564308166504
3.905801296234131
3.9252827167510986
3.8781471252441406
3.88604736328125
3.9150032997131348
3.8998239040374756
3.9111390113830566
3.937634229660034
3.893954277038574
3.9171886444091797
3.916191339492798
3.9357964992523193
3.8981430530548096
3.8843045234680176
3.8749217987060547
3.8809993267059326
3.9319653511047363
3.8894686698913574
3.936765193939209
3.883728504180908
3.8810482025146484
3.8943068981170654
3.8781285285949707
3.8607070446014404
3.901987314224243
3.882373809814453
3.8447391986846924
3.837461233139038
3.8253657817840576
3.8758785724639893
3.8547654151916504
3.851250410079956
3.8541784286499023
3.8781189918518066
3.85954213142395
3.889831304550171
3.822434902191162
3.8617024421691895
3.8483715057373047
3.8259847164154053
3.8848073482513428
3.8358447551727295
3.8491146564483643
3.8417916297912598
3.818469524383545
3.824742317199707
3.8172199726104736
3.8107733726501465
3.864544630050659
3.794675350189209
3.8035876750946045
3.821289539337158
3.8175437450408936
3.786893606185913
3.8282997608184814
3.8781745433807373
3.787174940109253
3.764326572418213
3.838470935821533
3.80647349357605
3.754603862762451
3.9383161067962646
3.7643544673919678
3.882594585418701
3.786306142807007
3.7709789276123047
3.765521764755249
3.8006348609924316
3.7922418117523193
3.8131673336029053
3.776418924331665
3.7590954303741455
3.774195432662964
3.796072006225586
3.773529529571533
3.7715296745300293
3.797819137573242
3.7799854278564453
3.718142032623291
3.7832109928131104
3.7702393531799316
3.7628414630889893
3.7625069618225098
3.759204864501953
3.733755111694336
3.7421467304229736
3.723273754119873
3.780869722366333
3.734869956970215
3.734320878982544
3.7198069095611572
3.7377212047576904
3.751352310180664
3.7443666458129883
3.7077579498291016
3.842529773712158
3.7189056873321533
3.7133724689483643
3.769110679626465
3.751192808151245
3.7288784980773926
3.7317116260528564
3.805490732192993
3.708364248275757
3.7101030349731445
3.720804452896118
3.7258858680725098
3.6994128227233887
3.726046323776245
3.7155895233154297
3.7275097370147705
3.7427420616149902
3.7943825721740723
3.737016201019287
3.677650213241577
3.689089298248291
3.6700589656829834
3.7095651626586914
3.708367347717285
3.6565446853637695
3.675459146499634
3.7046761512756348
3.69820237159729
3.7058823108673096
3.698892116546631
3.6897709369659424
3.6919875144958496
3.6739706993103027
3.6718318462371826
3.6842825412750244
3.7492175102233887
3.7279114723205566
3.6764049530029297
3.716745615005493
3.762636184692383
3.7151939868927
3.772005081176758
3.71649169921875
3.6510684490203857
3.6619155406951904
3.6708102226257324
3.641342878341675
3.6629116535186768
3.6179301738739014
3.692262649536133
3.665588617324829
3.645792245864868
3.629119873046875
3.672255039215088
3.6221604347229004
3.6597816944122314
3.7451658248901367
3.6546971797943115
3.6425881385803223
3.646106243133545
3.660470962524414
3.6601319313049316
3.593775510787964
3.648719072341919
3.7148239612579346
3.693650007247925
3.628466844558716
3.6235220432281494
3.6276581287384033
3.6448705196380615
3.627591848373413
3.6439270973205566
3.6188645362854004
3.6488983631134033
3.6677417755126953
3.6214399337768555
3.6404552459716797
3.6637752056121826
3.616361618041992
3.6234288215637207
3.574079751968384
3.633643388748169
3.6122992038726807
3.6395716667175293
3.6236672401428223
3.6134791374206543
3.646714448928833
3.5366854667663574
3.6137402057647705
3.5941150188446045
3.721818208694458
3.604158639907837
3.631354570388794
3.6228270530700684
3.616248607635498
3.628575325012207
3.6180388927459717
3.620528221130371
3.650736093521118
3.6153879165649414
3.6054911613464355
3.650550603866577
3.602696657180786
3.629124164581299
3.617511749267578
3.562307834625244
3.621994733810425
3.639803647994995
3.632934808731079
3.6773364543914795
3.6478536128997803
3.577136754989624
3.5810208320617676
3.591397523880005
3.6301894187927246
3.6149556636810303
3.554976224899292
3.632941484451294
3.5768494606018066
3.589500904083252
3.5806519985198975
3.6579771041870117
3.5730972290039062
3.646027088165283
3.592099905014038
3.6701948642730713
3.5542211532592773
3.565042018890381
3.555386543273926
3.623469829559326
3.622539520263672
3.595201015472412
3.5425422191619873
3.626561164855957
3.563368797302246
3.527080774307251
3.5464212894439697
3.6073873043060303
3.6994519233703613
3.560894250869751
3.559654951095581
3.5888123512268066
3.5389857292175293
3.6059982776641846
3.604635715484619
3.584625244140625
3.598203420639038
3.60766339302063
3.582881450653076
3.583094358444214
3.5896029472351074
3.5304009914398193
3.5488154888153076
3.6066508293151855
3.582024097442627
3.5925068855285645
3.5416548252105713
3.5629587173461914
3.6809463500976562
3.6218841075897217
3.600249767303467
3.59092378616333
3.5454628467559814
3.519928455352783
3.6137630939483643
3.5249810218811035
3.543041229248047
3.5459470748901367
3.6042637825012207
3.5292141437530518
3.59128475189209
3.5805273056030273
3.53855299949646
3.535724401473999
3.618314743041992
3.5645480155944824
3.55670428276062
3.5299594402313232
3.5297939777374268
3.5511605739593506
3.7102091312408447
3.562494993209839
3.549669027328491
3.566693067550659
3.5202343463897705
3.4900851249694824
3.5144338607788086
3.541841506958008
3.6538448333740234
3.5855982303619385
3.541165590286255
3.5090508460998535
3.538987636566162
3.517502546310425
3.54970383644104
3.5444536209106445
3.566417694091797
3.4872853755950928
3.570280075073242
3.4757020473480225
3.587237596511841
3.5403826236724854
3.607719659805298
3.5292575359344482
3.524491310119629
3.4893243312835693
3.517353057861328
3.5319669246673584
3.4925520420074463
3.5652248859405518
3.53047776222229
3.5166022777557373
3.5355944633483887
3.518866777420044
3.526808738708496
3.5633060932159424
3.5054216384887695
3.533351182937622
3.5179996490478516
3.4727163314819336
3.544951915740967
3.541208505630493
3.4694411754608154
3.490720272064209
3.548922300338745
3.571031332015991
3.545114755630493
3.5606040954589844
3.480677366256714
3.524428129196167
3.605900287628174
3.4882545471191406
3.5533740520477295
3.496381998062134
3.5009474754333496
3.5469846725463867
3.5625505447387695
3.520190715789795
3.4769630432128906
3.4498863220214844
3.4833338260650635
3.527787685394287
3.5991013050079346
3.47737717628479
3.501453161239624
3.496105670928955
3.478658437728882
3.560635805130005
3.486778736114502
3.544497013092041
3.5405898094177246
3.488802433013916
3.5224769115448
3.502046585083008
3.5313491821289062
3.4997308254241943
3.5936267375946045
3.493572950363159
3.4605255126953125
3.5136115550994873
3.4947164058685303
3.48396897315979
3.490420341491699
3.4782707691192627
3.5037355422973633
3.5483579635620117
3.4792308807373047
3.5606045722961426
3.5372731685638428
3.4678146839141846
3.525744676589966
3.5086357593536377
3.4421329498291016
3.49459171295166
3.567595958709717
3.49859881401062
3.50913667678833
3.4900972843170166
3.4431235790252686
3.522883653640747
3.5570411682128906
3.448744297027588
3.446552038192749
3.509997844696045
3.620414972305298
3.4270453453063965
3.487306594848633
3.475877046585083
3.509420394897461
3.468135356903076
3.4870996475219727
3.476055145263672
3.448611259460449
3.543937921524048
3.498924493789673
3.475107431411743
3.5489516258239746
3.521292209625244
3.464341163635254
3.5410149097442627
3.5244500637054443
3.500122547149658
3.4948084354400635
3.5548813343048096
3.4697425365448
3.51442551612854
3.5200884342193604
3.47513747215271
3.4115917682647705
3.477027654647827
3.515089511871338
3.5019516944885254
3.5219383239746094
3.4728662967681885
3.4569103717803955
3.5660994052886963
3.453704595565796
3.4127166271209717
3.4564015865325928
3.466395854949951
3.4962329864501953
3.513141393661499
3.463244676589966
3.4305543899536133
3.4680607318878174
3.512763500213623
3.508026123046875
3.4398093223571777
3.4822909832000732
3.428312063217163
3.4735794067382812
3.49804425239563
3.4619274139404297
3.5238571166992188
3.4450857639312744
3.4391825199127197
3.722142219543457
3.5142300128936768
3.4933273792266846
3.4487438201904297
3.4888973236083984
3.4614980220794678
3.4507369995117188
3.472731351852417
3.559398651123047
3.467758893966675
3.4379942417144775
3.4346678256988525
3.4715654850006104
3.4675371646881104
3.4544854164123535
3.4865496158599854
3.4777002334594727
3.4120075702667236
3.4783411026000977
3.5049335956573486
3.453653335571289
3.5233376026153564
3.4151101112365723
3.593949556350708
3.4937469959259033
3.5977091789245605
3.4175586700439453
3.5159149169921875
3.398792028427124
3.4167168140411377
3.460845947265625
3.478015661239624
3.408487319946289
3.4590628147125244
3.505652904510498
3.437192916870117
3.477494239807129
3.4150807857513428
3.431457757949829
3.5019659996032715
3.419121265411377
3.4532735347747803
3.3976523876190186
3.4357454776763916
3.4128246307373047
3.4726479053497314
3.4062938690185547
3.5007119178771973
3.4739818572998047
3.3781490325927734
3.4062957763671875
3.475322961807251
3.410167932510376
3.3983805179595947
3.4015707969665527
3.4186673164367676
3.5435638427734375
3.4809863567352295
3.389669895172119
3.403393030166626
3.413168430328369
3.4393815994262695
3.3817620277404785
3.5103859901428223
3.503831386566162
3.4085514545440674
3.4427642822265625
3.470729351043701
3.4726717472076416
3.5014891624450684
3.419858932495117
3.391202688217163
3.3941946029663086
3.451906204223633
3.5002400875091553
3.425785541534424
3.4013314247131348
3.419908046722412
3.4325294494628906
3.4395735263824463
3.4018819332122803
3.4182326793670654
3.409925937652588
3.4051456451416016
3.506033420562744
3.357213258743286
3.4205384254455566
3.4078996181488037
3.466284990310669
3.4555420875549316
3.3835880756378174
3.404236078262329
3.4512763023376465
3.487163543701172
3.4141077995300293
3.351306915283203
3.388674736022949
3.379070281982422
3.40498948097229
3.4171903133392334
3.479163408279419
3.3951756954193115
3.423619270324707
3.386461019515991
3.400570869445801
3.390098810195923
3.384923219680786
3.3943932056427
3.4398059844970703
3.4087836742401123
3.3802425861358643
3.4548752307891846
3.4281296730041504
3.333648204803467
3.4283649921417236
3.406080484390259
3.415363311767578
3.456580400466919
3.5617687702178955
3.447725772857666
3.5256526470184326
3.5310182571411133
3.427452564239502
3.4330971240997314
3.527352809906006
3.552018404006958
3.3978848457336426
3.3900394439697266
3.38881516456604
3.4623231887817383
3.4659225940704346
3.403209924697876
3.360525369644165
3.444979429244995
3.434119939804077
3.4035656452178955
3.4000790119171143
3.4077858924865723
3.4078071117401123
3.374546766281128
3.3726730346679688
3.4019699096679688
3.387617588043213
3.3869266510009766
3.3925979137420654
3.426304340362549
3.3690218925476074
3.390734910964966
3.3998732566833496
3.3705973625183105
3.366349697113037
3.4230594635009766
3.4685330390930176
3.3912875652313232
3.374786853790283
3.4432384967803955
3.421074628829956
3.4159188270568848
3.380927801132202
3.425767183303833
3.3816823959350586
3.415374279022217
3.3801841735839844
3.4292526245117188
3.3919522762298584
3.406111717224121
3.411907434463501
3.426649570465088
3.477351665496826
3.3947417736053467
3.3874714374542236
3.3441214561462402
3.411041498184204
3.3469367027282715
3.475922107696533
3.4280381202697754
3.3907692432403564
3.35732102394104
3.4150643348693848
3.3945086002349854
3.3628740310668945
3.418560266494751
3.351027011871338
3.36930251121521
3.437932014465332
3.390868663787842
3.370145320892334
3.3883609771728516
3.4129319190979004
3.4168543815612793
3.408801794052124
3.3827905654907227
3.4916465282440186
3.4369313716888428
3.3480961322784424
3.3920817375183105
3.369659662246704
3.4161345958709717
3.445934772491455
3.398056983947754
3.3868982791900635
3.424147844314575
3.3950493335723877
3.3652584552764893
3.3840062618255615
3.4029057025909424
3.3572380542755127
3.5973997116088867
3.361971616744995
3.460689067840576
3.5462663173675537
3.396470308303833
3.335742950439453
3.44602108001709
3.3912124633789062
3.469521999359131
3.3448808193206787
3.389282464981079
3.4073750972747803
3.3557991981506348
3.3710906505584717
3.386516809463501
3.396409034729004
3.37219500541687
3.483412265777588
3.335706949234009
3.3734261989593506
3.381007432937622
3.3636717796325684
3.42514705657959
3.385833263397217
3.383146047592163
3.355654716491699
3.397576332092285
3.3674728870391846
3.361023187637329
3.3752007484436035
3.4164583683013916
3.3788325786590576
3.39754056930542
3.436109781265259
3.42722749710083
3.3779797554016113
3.37021541595459
3.415753126144409
3.359220504760742
3.336796760559082
3.3698863983154297
3.3274827003479004
3.304182529449463
3.4139413833618164
3.4303550720214844
3.347442150115967
3.4553942680358887
3.417123556137085
3.350184440612793
3.3558502197265625
3.419973611831665
3.3798606395721436
3.4405159950256348
3.3855016231536865
3.6557464599609375
3.3915228843688965
3.440575122833252
3.3905043601989746
3.331948757171631
3.433898448944092
3.3412764072418213
3.3598852157592773
3.3281497955322266
3.3556199073791504
3.3723926544189453
3.3767340183258057
3.4177231788635254
3.392348527908325
3.3350331783294678
3.4169068336486816
3.434260129928589
3.4469780921936035
3.399998426437378
3.3093955516815186
3.3860480785369873
3.3601958751678467
3.3328845500946045
3.3548688888549805
3.434074878692627
3.3513267040252686
3.411703109741211
3.438431978225708
3.3878886699676514
3.340873956680298
3.3800771236419678
3.3780505657196045
3.4281809329986572
3.322497606277466
3.368499517440796
3.4187428951263428
3.4128525257110596
3.395054578781128
3.324925184249878
3.371779680252075
3.379671812057495
3.3880388736724854
3.359992265701294
3.4464242458343506
3.3806238174438477
3.3267269134521484
3.3640847206115723
3.364122152328491
3.3328118324279785
3.3512322902679443
3.4001293182373047
3.366394519805908
3.33461332321167
3.455098867416382
3.3678712844848633
3.3693339824676514
3.3624393939971924
3.335172176361084
3.3779537677764893
3.372513771057129
3.340956211090088
3.3326621055603027
3.390265703201294
3.383923292160034
3.4589881896972656
3.3863024711608887
3.35524582862854
3.3881301879882812
3.371758222579956
3.3398983478546143
3.3473851680755615
3.4393606185913086
3.314577102661133
3.3667047023773193
3.4379708766937256
3.3399643898010254
3.334519147872925
3.332758665084839
3.3871984481811523
3.4275736808776855
3.4231841564178467
3.4303359985351562
3.389392137527466
3.3758811950683594
3.418872356414795
3.3313496112823486
3.382554769515991
3.3599674701690674
3.369368314743042
3.408266067504883
3.3514435291290283
3.403069496154785
3.362264394760132
3.3838298320770264
3.3570778369903564
3.409656286239624
3.3241190910339355
3.378631114959717
3.4787724018096924
3.3993079662323
3.4790546894073486
3.459048271179199
3.3968207836151123
3.357889175415039
3.411911964416504
3.362481117248535
3.3765954971313477
3.2890613079071045
3.31636905670166
3.36167311668396
3.3235738277435303
3.3479177951812744
3.38398814201355
3.439300060272217
3.4405856132507324
3.4154250621795654
3.4381587505340576
3.315439462661743
3.3619558811187744
3.362745523452759
3.406919002532959
3.319180488586426
3.310723066329956
3.3633644580841064
3.5676980018615723
3.5095388889312744
3.3906309604644775
3.3716728687286377
3.4414455890655518
3.333629608154297
3.388244390487671
3.343336343765259
3.2521116733551025
3.429823398590088
3.377908229827881
3.298412799835205
3.2890684604644775
3.3148534297943115
3.353916645050049
3.3973896503448486
3.367065191268921
3.400132656097412
3.3670830726623535
3.346295118331909
3.277766704559326
3.2732625007629395
3.303256034851074
3.3715085983276367
3.3098161220550537
3.3826234340667725
3.35526967048645
3.3621299266815186
3.3328397274017334
3.306880235671997
3.4550302028656006
3.3053531646728516
3.285827398300171
3.4219658374786377
3.481123924255371
3.31972336769104
3.3422391414642334
3.3568475246429443
3.4014930725097656
3.372199058532715
3.367736577987671
3.3283398151397705
3.3369758129119873
3.308889389038086
3.3120009899139404
3.348287582397461
3.3091237545013428
3.3676557540893555
3.3831264972686768
3.31843638420105
3.3346123695373535
3.3283069133758545
3.4274840354919434
3.3636748790740967
3.3656234741210938
3.3480255603790283
3.3477373123168945
3.48380708694458
3.310192823410034
3.3031301498413086
3.458054780960083
3.427710771560669
3.335829496383667
3.3850717544555664
3.3647701740264893
3.4349002838134766
3.4007461071014404
3.349134683609009
3.371156930923462
3.3609778881073
3.3907902240753174
3.4021222591400146
3.407900810241699
3.307361602783203
3.3948256969451904
3.331880807876587
3.3382773399353027
3.366873025894165
3.3412156105041504
3.3356070518493652
3.3987762928009033
3.249279737472534
3.3228347301483154
3.3530802726745605
3.3288981914520264
3.3876545429229736
3.340285062789917
3.3694019317626953
3.3655316829681396
3.395150899887085
3.290087938308716
3.4390366077423096
3.3352863788604736
3.4088399410247803
3.295713186264038
3.4074738025665283
3.4296834468841553
3.3397207260131836
3.433840274810791
3.4439945220947266
3.3331782817840576
3.4974451065063477
3.3775548934936523
3.3861494064331055
3.3139073848724365
3.298588752746582
3.3166937828063965
3.3365206718444824
3.4735281467437744
3.3033204078674316
3.3275389671325684
3.310271739959717
3.364516019821167
3.333303928375244
3.40808367729187
3.2712230682373047
3.318791627883911
3.3777122497558594
3.355907917022705
3.369239091873169
3.3194477558135986
3.2826883792877197
3.3651721477508545
3.3864781856536865
3.3244924545288086
3.3617618083953857
3.3225979804992676
3.304856300354004
3.334398031234741
3.393472194671631
3.4036762714385986
3.4135425090789795
3.3257501125335693
3.4084622859954834
3.3745172023773193
3.2955899238586426
3.3309690952301025
3.379859447479248
3.3076376914978027
3.476187229156494
3.3142404556274414
3.2944588661193848
3.349597930908203
3.3350682258605957
3.2876546382904053
3.397977352142334
3.4005239009857178
3.3465044498443604
3.2673215866088867
3.3098838329315186
3.3521885871887207
3.322739601135254
3.3187124729156494
3.274071455001831
3.330449104309082
3.288588762283325
3.416794776916504
3.3577680587768555
3.4321491718292236
3.3235814571380615
3.4674105644226074
3.4014463424682617
3.365377187728882
3.3452837467193604
3.3296401500701904
3.3100125789642334
3.319830894470215
3.321617364883423
3.309319257736206
3.403323173522949
3.3051066398620605
3.296943426132202
3.270047664642334
3.3390493392944336
3.2662906646728516
3.3217215538024902
3.2671401500701904
3.3836774826049805
3.4474949836730957
3.3711283206939697
3.2964024543762207
3.3237969875335693
3.4311184883117676
3.3204774856567383
3.3724758625030518
3.300896644592285
3.352648973464966
3.273380756378174
3.38460636138916
3.338118314743042
3.3650293350219727
3.336510419845581
3.5069828033447266
3.3224964141845703
3.3069026470184326
3.3702573776245117
3.2959201335906982
3.294630765914917
3.428071975708008
3.350064277648926
3.333860397338867
3.29089093208313
3.3351855278015137
3.322641611099243
3.3404173851013184
3.4471049308776855
3.297574996948242
3.3405678272247314
3.323723077774048
3.353511333465576
3.4105324745178223
3.277817726135254
3.387660026550293
3.2908942699432373
3.3167641162872314
3.3896591663360596
3.326024055480957
3.310187816619873
3.255324363708496
3.333676338195801
3.289323091506958
3.362901210784912
3.290987014770508
3.306002378463745
3.325474262237549
3.3228611946105957
3.2978553771972656
3.3048207759857178
3.3120369911193848
3.3135955333709717
3.288229465484619
3.424217700958252
3.3125410079956055
3.314467191696167
3.364121198654175
3.273390531539917
3.297703504562378
3.3276209831237793
3.3018527030944824
3.3395025730133057
3.2879483699798584
3.270024299621582
3.4292726516723633
3.357797384262085
3.387519359588623
3.3583810329437256
3.3074796199798584
3.256859064102173
3.382260322570801
3.3585574626922607
3.477012872695923
3.2574634552001953
3.294193983078003
3.375338077545166
3.3303751945495605
3.343085289001465
3.348680257797241
3.4324755668640137
3.274684190750122
3.3960351943969727
3.30129075050354
3.3679916858673096
3.329284906387329
3.345729351043701
3.3731136322021484
3.2392618656158447
3.326402187347412
3.3334267139434814
3.3303825855255127
3.3771817684173584
3.2841691970825195
3.370105504989624
3.3314929008483887
3.26597261428833
3.322474956512451
3.2710776329040527
3.3513190746307373
3.3523313999176025
3.392305850982666
3.3249266147613525
3.4045581817626953
3.298414707183838
3.2875466346740723
3.2945988178253174
3.3369557857513428
3.3790178298950195
3.379322052001953
3.3043158054351807
3.2833380699157715
3.271096706390381
3.2884652614593506
3.2818520069122314
3.313900947570801
3.313505172729492
3.311777114868164
3.3871097564697266
3.2569284439086914
3.367238759994507
3.343268871307373
3.342226266860962
3.272102117538452
3.329349994659424
3.2857682704925537
3.3048927783966064
3.376600503921509
3.3195154666900635
3.330178737640381
3.365020275115967
3.335500717163086
3.3372931480407715
3.4374890327453613
3.274894952774048
3.3346939086914062
3.2572505474090576
3.3005502223968506
3.3084635734558105
3.236969470977783
3.2896292209625244
3.2960052490234375
3.3639023303985596
3.302536725997925
3.400198221206665
3.3370649814605713
3.3924529552459717
3.3559725284576416
3.36881685256958
3.322571277618408
3.326018810272217
3.3924601078033447
3.389129161834717
3.3400826454162598
3.324902296066284
3.3365912437438965
3.325383186340332
3.4240775108337402
3.3765761852264404
3.350527763366699
3.33970046043396
3.2770020961761475
3.361375093460083
3.292531967163086
3.232410192489624
3.37540864944458
3.298234701156616
3.3706228733062744
3.2986788749694824
3.2911911010742188
3.310412645339966
3.3870913982391357
3.2910196781158447
3.234168767929077
3.25469970703125
3.416813611984253
3.297003746032715
3.381526231765747
3.3185067176818848
3.4021124839782715
3.3071038722991943
3.284203290939331
3.2666513919830322
3.291266441345215
3.3727238178253174
3.364932060241699
3.3118062019348145
3.291530132293701
3.3173766136169434
3.346188545227051
3.355754852294922
3.252427816390991
3.3238840103149414
3.357012987136841
3.309360980987549
3.318573236465454
3.3157801628112793
3.383411169052124
3.3170504570007324
3.3539912700653076
3.2867043018341064
3.302884578704834
3.4451942443847656
3.3148751258850098
3.332509756088257
3.289782762527466
3.299729585647583
3.313021659851074
3.3319485187530518
3.4152016639709473
3.2574281692504883
3.3792853355407715
3.2530345916748047
3.2836222648620605
3.3603267669677734
3.2791402339935303
3.536597967147827
3.2615818977355957
3.300433874130249
3.371218204498291
3.3158347606658936
3.401773691177368
3.4488186836242676
3.2679860591888428
3.3231186866760254
3.3230173587799072
3.3088600635528564
3.290235996246338
3.3139779567718506
3.3272202014923096
3.2685937881469727
3.284789562225342
3.2763655185699463
3.408827066421509
3.339872360229492
3.241807460784912
3.238996982574463
3.3107833862304688
3.3701884746551514
3.4568614959716797
3.3659965991973877
3.2400379180908203
3.4307940006256104
3.3220953941345215
3.308309316635132
3.417858123779297
3.299320936203003
3.339256525039673
3.380974769592285
3.3045403957366943
3.3874478340148926
3.2900776863098145
3.3229360580444336
3.3101000785827637
3.3440864086151123
3.311479091644287
3.3014683723449707
3.266171932220459
3.298860788345337
3.3699095249176025
3.2749524116516113
3.39133620262146
3.300325632095337
3.3606112003326416
3.230638027191162
3.325786590576172
3.248568296432495
3.3060216903686523
3.2826740741729736
3.4120676517486572
3.2789719104766846
3.2893049716949463
3.3877646923065186
3.4383022785186768
3.2874398231506348
3.3374462127685547
3.269152879714966
3.2599966526031494
3.319866895675659
3.3191332817077637
3.321716070175171
3.271138906478882
3.489610195159912
3.2618961334228516
3.2862985134124756
3.307826519012451
3.303861618041992
3.3902602195739746
3.272296667098999
3.3520193099975586
3.252999782562256
3.357757806777954
3.296125888824463
3.314523696899414
3.250185966491699
3.287825584411621
3.255237102508545
3.2836830615997314
3.325007438659668
3.3064992427825928
3.288379192352295
3.4072492122650146
3.2827038764953613
3.207589626312256
3.249286651611328
3.3832643032073975
3.3263931274414062
3.287173271179199
3.3232791423797607
3.2864606380462646
3.302915334701538
3.2566680908203125
3.3189353942871094
3.261038303375244
3.350710868835449
3.293508291244507
3.251394748687744
3.315803050994873
3.3576722145080566
3.339573621749878
3.3604931831359863
3.3231163024902344
3.2899560928344727
3.3558130264282227
3.2821245193481445
3.3393807411193848
3.2609975337982178
3.3503262996673584
3.310556173324585
3.2641448974609375
3.3573930263519287
3.263270139694214
3.3529276847839355
3.331226348876953
3.346410036087036
3.2690742015838623
3.2844579219818115
3.2894675731658936
3.380650043487549
3.290898323059082
3.425745964050293
3.2719767093658447
3.3858275413513184
3.249691963195801
3.2539448738098145
3.4209201335906982
3.3538317680358887
3.4271721839904785
3.5671699047088623
3.261824607849121
3.288435697555542
3.34000825881958
3.2759432792663574
3.3009328842163086
3.2828145027160645
3.349360942840576
3.264322519302368
3.2527010440826416
3.24558687210083
3.279569625854492
3.265406370162964
3.300682783126831
3.347679853439331
3.2716095447540283
3.432084560394287
3.297454357147217
3.3626182079315186
3.3083393573760986
3.2863221168518066
3.3307597637176514
3.27001690864563
3.2943758964538574
3.389860153198242
3.2913925647735596
3.342532157897949
3.316392421722412
3.297325372695923
3.3480334281921387
3.322169780731201
3.2929067611694336
3.3470966815948486
3.280590057373047
3.2199501991271973
3.252936601638794
3.3040518760681152
3.28129243850708
3.375473976135254
3.329167366027832
3.410856246948242
3.2927260398864746
3.297548770904541
3.412069797515869
3.2330892086029053
3.299119710922241
3.249854326248169
3.2899956703186035
3.2903380393981934
3.254249095916748
3.2844934463500977
3.4304726123809814
3.2559447288513184
3.258784532546997
3.2890625
3.2615227699279785
3.366105079650879
3.310323476791382
3.323197841644287
3.2056872844696045
3.2241928577423096
3.3435497283935547
3.3221397399902344
3.276738166809082
3.2677619457244873
3.2768263816833496
3.3092315196990967
3.2791032791137695
3.300414800643921
3.2416837215423584
3.3749215602874756
3.370039939880371
3.341463804244995
3.304532051086426
3.2679665088653564
3.3135907649993896
3.333421230316162
3.298818588256836
3.32171368598938
3.268641710281372
3.374058485031128
3.3173820972442627
3.292163133621216
3.3832640647888184
3.441965341567993
3.3051860332489014
3.291372060775757
3.2403669357299805
3.223156452178955
3.2928969860076904
3.223363161087036
3.2342560291290283
3.2857325077056885
3.2671029567718506
3.290647268295288
3.3119444847106934
3.2606282234191895
3.44012451171875
3.2714059352874756
3.305575132369995
3.285766124725342
3.403113603591919
3.4725112915039062
3.227550983428955
3.316936731338501
3.3187661170959473
3.256861686706543
3.332887649536133
3.2911410331726074
3.338752269744873
3.2592175006866455
3.4920568466186523
3.2985079288482666
3.267350673675537
3.3065762519836426
3.3285067081451416
3.3058712482452393
3.2559823989868164
3.366482973098755
3.2641735076904297
3.3825719356536865
3.3300955295562744
3.382362127304077
3.3382089138031006
3.320722818374634
3.370234727859497
3.3002102375030518
3.293691396713257
3.3390989303588867
3.248966932296753
3.3087117671966553
3.260624408721924
3.3121395111083984
3.327087879180908
3.2655158042907715
3.3753018379211426
3.343567371368408
3.284257173538208
3.3881890773773193
3.3712522983551025
3.346325159072876
3.2842817306518555
3.342308759689331
3.292705774307251
3.2644197940826416
3.2441039085388184
3.2930140495300293
3.2514147758483887
3.2613110542297363
3.3912785053253174
3.2840259075164795
3.3140604496002197
3.459003448486328
3.270073175430298
3.2302334308624268
3.3417837619781494
3.2778494358062744
3.281919479370117
3.2655277252197266
3.238198757171631
3.303823471069336
3.28489089012146
3.2696409225463867
3.3747715950012207
3.224003553390503
3.2509424686431885
3.377631187438965
3.2880988121032715
3.2916479110717773
3.3338820934295654
3.324100971221924
3.2604997158050537
3.307798385620117
3.2309741973876953
3.3595385551452637
3.2967536449432373
3.3366947174072266
3.3057868480682373
3.2861437797546387
3.3236236572265625
3.361104965209961
3.264660120010376
3.328740358352661
3.2822494506835938
3.291269063949585
3.279231309890747
3.3214094638824463
3.3671226501464844
3.2655446529388428
3.3118650913238525
3.318634271621704
3.2469427585601807
3.281907320022583
3.256885051727295
3.2725579738616943
3.3157174587249756
3.280362844467163
3.3116583824157715
3.3348777294158936
3.2990150451660156
3.2423174381256104
3.321838855743408
3.294208288192749
3.292409896850586
3.2701656818389893
3.4127469062805176
3.2485697269439697
3.304722309112549
3.272810935974121
3.267962694168091
3.244866371154785
3.2980034351348877
3.3836538791656494
3.2343838214874268
3.2570958137512207
3.301025152206421
3.242575168609619
3.3820202350616455
3.3257193565368652
3.2627594470977783
3.3421103954315186
3.32861328125
3.2923381328582764
3.3418097496032715
3.3297858238220215
3.355830430984497
3.228006362915039
3.2796378135681152
3.341993570327759
3.327805757522583
3.283942937850952
3.369655132293701
3.2616264820098877
3.257309913635254
3.309814691543579
3.2815725803375244
3.2794129848480225
3.204174518585205
3.318342447280884
3.256385326385498
3.2965097427368164
3.4754655361175537
3.244478940963745
3.2441933155059814
3.311049222946167
3.308811664581299
3.2550578117370605
3.38468861579895
3.3118484020233154
3.381173849105835
3.2309482097625732
3.3993093967437744
3.3601341247558594
3.256182909011841
3.2698023319244385
3.3523006439208984
3.4069554805755615
3.3055527210235596
3.417978286743164
3.2332684993743896
3.3238415718078613
3.3923685550689697
3.272265911102295
3.5389304161071777
3.2986600399017334
3.25999116897583
3.361351490020752
3.3428492546081543
3.3255231380462646
3.214313507080078
3.3450045585632324
3.33211350440979
3.2942276000976562
3.256762742996216
3.4105722904205322
3.273770570755005
3.2919774055480957
3.3260762691497803
3.2897720336914062
3.3073997497558594
3.2881968021392822
3.282614231109619
3.3961098194122314
3.273560047149658
3.2698280811309814
3.223724365234375
3.3966915607452393
3.2058827877044678
3.267178535461426
3.266464948654175
3.2477855682373047
3.2650442123413086
3.307201862335205
3.234492301940918
3.2743964195251465
3.280895709991455
3.262647867202759
3.3005459308624268
3.2789525985717773
3.250819206237793
3.2526655197143555
3.2717676162719727
3.183704137802124
3.2370595932006836
3.3009583950042725
3.3574774265289307
3.251066207885742
3.2528746128082275
3.2782747745513916
3.2192153930664062
3.2770678997039795
3.267254590988159
3.2844250202178955
3.2731821537017822
3.458372116088867
3.2438700199127197
3.2733209133148193
3.2870981693267822
3.277357339859009
3.2535133361816406
3.297192096710205
3.268239974975586
3.3803391456604004
3.3053109645843506
3.2822425365448
3.2786202430725098
3.2830970287323
3.3459229469299316
3.3308463096618652
3.301852226257324
3.2454166412353516
3.303969144821167
3.2608163356781006
3.3069586753845215
3.2676830291748047
3.2310683727264404
3.323342800140381
3.304943084716797
3.2826366424560547
3.2734084129333496
3.289564847946167
3.2953460216522217
3.26051926612854
3.2125492095947266
3.2059097290039062
3.3496079444885254
3.283252000808716
3.2569289207458496
3.2741215229034424
3.280667543411255
3.2548491954803467
3.264019727706909
3.271216630935669
3.296536684036255
3.3416106700897217
3.258199691772461
3.228426933288574
3.2851877212524414
3.2933568954467773
3.246919870376587
3.283414840698242
3.36602520942688
3.2552380561828613
3.2920525074005127
3.258798122406006
3.375457286834717
3.259570837020874
3.324737071990967
3.264047145843506
3.262485980987549
3.2317147254943848
3.2240798473358154
3.358426809310913
3.2758781909942627
3.3915698528289795
3.2649688720703125
3.3044135570526123
3.2704083919525146
3.3959765434265137
3.330836057662964
3.2791519165039062
3.3224260807037354
3.3059229850769043
3.333078145980835
3.322488307952881
3.255591869354248
3.2748703956604004
3.2755017280578613
3.3201444149017334
3.3691048622131348
3.2668731212615967
3.286261796951294
3.3303756713867188
3.2139439582824707
3.3037302494049072
3.329845905303955
3.3182854652404785
3.3243179321289062
3.294184446334839
3.2567381858825684
3.263909339904785
3.3331210613250732
3.3295950889587402
3.286421537399292
3.3380255699157715
3.2759487628936768
3.1980881690979004
3.2876977920532227
3.3086190223693848
3.3293204307556152
3.2502286434173584
3.3099281787872314
3.312518835067749
3.293463945388794
3.2986764907836914
3.2369368076324463
3.2986176013946533
3.3768134117126465
3.2735517024993896
3.1957080364227295
3.262080430984497
3.2842698097229004
3.301445722579956
3.3207266330718994
3.532233715057373
3.290461301803589
3.241025686264038
3.2622625827789307
3.370978593826294
3.2567436695098877
3.228914499282837
3.491030216217041
3.2744767665863037
3.3088972568511963
3.2287628650665283
3.2924036979675293
nan
3.2943341732025146
3.2580208778381348
nan
3.1964054107666016
3.318136215209961
3.2896039485931396
3.4671897888183594
3.2419004440307617
3.285607099533081
3.3112051486968994
3.3811702728271484
3.2085256576538086
3.459667444229126
3.270029306411743
3.249969005584717
3.2377562522888184
3.232560634613037
3.382143259048462
3.3286283016204834
3.1822657585144043
3.4352471828460693
3.253812313079834
3.5431742668151855
3.4085328578948975
3.2988624572753906
3.2268006801605225
3.3241207599639893
3.218071222305298
3.4999139308929443
3.379394054412842
3.309875249862671
3.2159955501556396
