4.330941200256348
4.330811023712158
4.330697536468506
4.3306074142456055
4.330484867095947
4.330323219299316
4.330185890197754
4.329853534698486
4.329578399658203
4.329173564910889
4.3285603523254395
4.327951431274414
4.327073574066162
4.326339244842529
4.3254714012146
4.325287342071533
4.324456691741943
4.323416709899902
4.322362899780273
4.321481704711914
4.31997537612915
4.318872451782227
4.3175835609436035
4.316246032714844
4.314817905426025
4.312592506408691
4.3107380867004395
4.308893203735352
4.3069329261779785
4.304923057556152
4.306050777435303
4.303881645202637
4.301552772521973
4.299127101898193
4.296433448791504
4.292200565338135
4.289201259613037
4.285868167877197
4.282389163970947
4.278717041015625
4.273731708526611
4.269762992858887
4.265399932861328
4.260807037353516
4.255869388580322
4.248591423034668
4.243321895599365
4.237829685211182
4.231947898864746
4.225907802581787
4.226131439208984
4.219961643218994
4.213647842407227
4.206944942474365
4.2006096839904785
4.181263446807861
4.17326021194458
4.1654205322265625
4.157553672790527
4.14974308013916
4.146787166595459
4.138608932495117
4.130216598510742
4.121735572814941
4.113120079040527
4.122117042541504
4.114101886749268
4.105894088745117
4.098367691040039
4.090449810028076
4.059040546417236
4.050210952758789
4.041282653808594
4.032531261444092
4.0228657722473145
4.0267791748046875
4.017486572265625
4.009609222412109
4.001167297363281
3.9935359954833984
3.983572006225586
3.9753451347351074
3.967823028564453
3.9594216346740723
3.9506165981292725
3.936878204345703
3.9277944564819336
3.918919801712036
3.9099223613739014
3.9007372856140137
3.894181966781616
3.8855278491973877
3.876528263092041
3.8678829669952393
3.8600990772247314
3.869204521179199
3.8615798950195312
3.853464126586914
3.844468116760254
3.8354408740997314
3.851349115371704
3.843195676803589
3.8359549045562744
3.8294425010681152
3.8229384422302246
3.7884392738342285
3.782565116882324
3.7766764163970947
3.7718429565429688
3.7677602767944336
3.7460780143737793
3.741060972213745
3.735616445541382
3.7303836345672607
3.72413969039917
3.7477686405181885
3.742175340652466
3.7371833324432373
3.73207426071167
3.7274699211120605
3.686627149581909
3.682610273361206
3.6783199310302734
3.6736581325531006
3.6692779064178467
3.6622519493103027
3.657414436340332
3.6514337062835693
3.644808292388916
3.6383044719696045
3.6561014652252197
3.6502249240875244
3.6446776390075684
3.639892816543579
3.63441801071167
3.6045467853546143
3.6005280017852783
3.5963428020477295
3.5927822589874268
3.5892295837402344
3.643765449523926
3.6407089233398438
3.6380579471588135
3.6353676319122314
3.6328651905059814
3.5960190296173096
3.59375262260437
3.590972661972046
3.587979793548584
3.586038589477539
3.564141273498535
3.561896562576294
3.559905767440796
3.559058904647827
3.558424472808838
3.5722827911376953
3.561382293701172
3.5609655380249023
3.558361053466797
3.55724835395813
3.5725321769714355
3.570241928100586
3.5690274238586426
3.5676357746124268
3.5656559467315674
3.5708835124969482
3.5700433254241943
3.564136028289795
3.5642919540405273
3.5630810260772705
3.5055160522460938
3.5045664310455322
3.5039706230163574
3.5023562908172607
3.500310182571411
3.5488829612731934
3.547128200531006
3.547248363494873
3.546041965484619
3.5450823307037354
3.533694267272949
3.5330755710601807
3.5328922271728516
3.5311267375946045
3.530897855758667
3.5178301334381104
3.5169992446899414
3.5172271728515625
