nan
4.330756664276123
4.330755233764648
4.330753803253174
4.330752372741699
4.330750465393066
4.330749034881592
4.330747604370117
4.330745697021484
4.330744743347168
4.330742835998535
4.330742359161377
4.330740928649902
4.330739498138428
4.330738067626953
4.330737113952637
4.330735683441162
4.3307342529296875
4.330733299255371
4.3307318687438965
4.330730438232422
4.3307294845581055
4.330728530883789
4.3307271003723145
4.330726146697998
4.330724716186523
4.330723285675049
4.330722332000732
4.330721378326416
4.330719947814941
4.330718994140625
4.330717086791992
4.330716609954834
4.330714702606201
4.330714225769043
4.330712795257568
4.330711841583252
4.330710411071777
4.330708980560303
4.3307085037231445
4.33070707321167
4.330705642700195
4.3307037353515625
4.330702781677246
4.3307013511657715
4.330700397491455
4.330698490142822
4.330697059631348
4.330696105957031
4.33069372177124
4.330692291259766
4.330690383911133
4.330689430236816
4.330687522888184
4.330686092376709
4.330684661865234
4.330682754516602
4.330680847167969
4.330678939819336
4.330677509307861
4.330676078796387
4.330673694610596
4.330672264099121
4.3306708335876465
4.330668926239014
4.330667495727539
4.330665588378906
4.330663681030273
4.330661773681641
4.330660343170166
4.330657958984375
4.3306565284729
4.330654144287109
4.330652236938477
4.330650329589844
4.330648422241211
4.330646514892578
4.330644130706787
4.3306427001953125
4.3306403160095215
4.330638408660889
4.330636024475098
4.330633640289307
4.330631732940674
4.330629348754883
4.33062744140625
4.330625057220459
4.330623149871826
4.330620765686035
4.330618381500244
4.330615997314453
4.330613136291504
4.330611228942871
4.330609321594238
4.330606460571289
4.330604076385498
4.330601692199707
4.330598831176758
4.330596446990967
4.330593585968018
4.330592155456543
4.3305888175964355
4.330586910247803
4.330583095550537
4.330580711364746
4.330578327178955
4.330575942993164
4.330573081970215
4.330569267272949
4.330567359924316
4.330564975738525
4.330561637878418
4.330559253692627
4.330556869506836
4.3305535316467285
4.330550670623779
4.330547332763672
4.330544471740723
4.330540657043457
4.330538272857666
4.330535411834717
4.330531597137451
4.330528736114502
4.3305253982543945
4.330522537231445
4.330519199371338
4.330516338348389
4.330513000488281
4.330510139465332
4.330506324768066
4.330503463745117
4.33050012588501
4.330496788024902
4.330492973327637
4.3304901123046875
4.33048677444458
4.3304829597473145
4.330479145050049
4.330475807189941
4.330471515655518
4.330469608306885
4.330465316772461
4.330461025238037
4.330458164215088
4.330454349517822
4.33044958114624
4.330446720123291
4.330442905426025
4.33043909072876
4.330435752868652
4.33043098449707
4.330427169799805
4.330423355102539
4.330419063568115
4.330416202545166
4.330411434173584
4.330407619476318
4.330402851104736
4.330399036407471
4.330394744873047
4.330390453338623
4.330386161804199
4.330381870269775
4.330377101898193
4.330373287200928
4.330368995666504
4.330364227294922
4.330359935760498
4.330356597900391
4.330352306365967
4.330347537994385
4.330342769622803
4.330338478088379
4.330334186553955
4.330329895019531
4.330325126647949
4.330320358276367
4.330315589904785
4.330311298370361
4.330306053161621
4.330302715301514
4.330296993255615
4.330291748046875
4.330286502838135
4.330282688140869
4.330277442932129
4.330272197723389
4.330267906188965
4.330262660980225
4.330258369445801
4.3302531242370605
4.330246925354004
4.330243110656738
4.33023738861084
4.330232620239258
4.330227375030518
4.330221176147461
4.330216407775879
4.330211162567139
4.330205917358398
4.3302001953125
4.330195426940918
4.330190181732178
4.3301849365234375
4.330179214477539
4.330173015594482
4.330167770385742
4.33016300201416
4.33015775680542
4.330151557922363
4.330145835876465
4.330140113830566
4.330134391784668
4.330127716064453
4.330122470855713
4.330117225646973
4.330111503601074
4.330105781555176
4.330099582672119
4.330093860626221
4.330087184906006
4.330080986022949
4.330074787139893
4.330068588256836
4.330062389373779
4.330057144165039
4.330049991607666
4.330043792724609
4.330037593841553
4.330031394958496
4.3300251960754395
4.330018520355225
4.330012321472168
4.3300065994262695
4.329999923706055
4.329991817474365
4.329987049102783
4.329979419708252
4.3299736976623535
4.329967498779297
4.329959869384766
4.329953670501709
4.329947471618652
4.329940319061279
4.329932689666748
4.329926013946533
4.32991886138916
4.329913139343262
4.329905986785889
4.329899311065674
4.329891204833984
4.329885005950928
4.329878807067871
4.329871654510498
4.329864025115967
4.3298563957214355
4.329849720001221
4.329842567443848
4.329835414886475
4.329829216003418
4.329822063446045
4.32981538772583
4.329807758331299
4.329799652099609
4.329792499542236
4.329784870147705
4.329776287078857
4.329769611358643
4.329761981964111
4.329754829406738
4.329747676849365
4.329739570617676
4.329732418060303
4.32972526550293
4.329716682434082
4.329709053039551
4.3297014236450195
4.32969331741333
4.329686164855957
4.329678058624268
4.329669952392578
4.329661846160889
4.329653739929199
4.329646110534668
4.3296380043029785
4.329628944396973
4.3296217918396
4.3296122550964355
4.329604148864746
4.329595565795898
4.329587936401367
4.329578876495361
4.329570770263672
4.329561710357666
4.329553604125977
4.329545021057129
4.329536437988281
4.329528331756592
4.329519271850586
4.3295111656188965
4.329503059387207
4.329493522644043
4.3294854164123535
4.329477310180664
4.329467296600342
4.329458236694336
4.32944917678833
4.329440116882324
4.329431056976318
4.329421043395996
4.329412937164307
4.329403877258301
4.329395771026611
4.329385757446289
4.329376697540283
4.329367160797119
4.3293585777282715
4.329349040985107
4.329339981079102
4.329330921173096
4.329320430755615
4.329311847686768
4.329300880432129
4.329291343688965
4.329282760620117
4.329272747039795
4.329263687133789
4.32925271987915
4.329244136810303
4.329235076904297
4.329225540161133
4.329215049743652
4.329204559326172
4.329195499420166
4.329185485839844
4.329174995422363
4.329164981842041
4.329155921936035
4.329144477844238
4.329134464263916
4.3291239738464355
4.329113960266113
4.329104900360107
4.329093933105469
4.329083442687988
4.329072952270508
4.329061508178711
4.329051494598389
4.32904052734375
4.329030990600586
4.329020023345947
4.329009532928467
4.328999042510986
4.3289875984191895
4.328979015350342
4.328968048095703
4.328957557678223
4.328947067260742
4.3289361000061035
4.328925609588623
4.328914165496826
4.328902721405029
4.328891754150391
4.3288798332214355
4.328869342803955
4.328857898712158
4.328846454620361
4.328835964202881
4.328824043273926
4.328812122344971
4.328800201416016
4.328790664672852
4.328780651092529
4.328768253326416
4.328756809234619
4.328742980957031
4.328732490539551
4.328720569610596
4.328708171844482
4.328699588775635
4.328686714172363
4.328675270080566
4.328664302825928
4.328651428222656
4.328639984130859
4.3286285400390625
4.328617095947266
4.328603744506836
4.328591346740723
4.328579902648926
4.328566074371338
4.328555583953857
4.328542709350586
4.3285322189331055
4.328518390655518
4.328505992889404
4.32849645614624
4.3284831047058105
4.328470706939697
4.328458786010742
4.328442573547363
4.328431606292725
4.328421115875244
4.328408241271973
4.328394412994385
4.328381538391113
4.328369140625
4.328357219696045
4.328345775604248
