nan
4.329432964324951
4.329208850860596
4.329065322875977
4.328888893127441
4.3286261558532715
4.328291416168213
4.3279876708984375
4.327662944793701
4.327295780181885
4.326855182647705
4.326441764831543
4.326080799102783
4.325705051422119
4.325292587280273
4.324970722198486
4.324525833129883
4.32464075088501
4.324117183685303
4.323698997497559
4.3232574462890625
4.322836875915527
4.322472095489502
4.32211971282959
4.3217315673828125
4.321319103240967
4.320953845977783
4.3205718994140625
4.320223808288574
4.319828033447266
4.3196306228637695
4.319152355194092
4.318757057189941
4.318373203277588
4.317967891693115
4.317528247833252
4.317115783691406
4.316677093505859
nan
nan
4.315086364746094
4.314615249633789
4.315237522125244
4.315220832824707
4.314759731292725
4.314291000366211
4.313779830932617
4.313247203826904
4.312683582305908
4.312088966369629
4.311418533325195
4.3107523918151855
4.309965133666992
4.3094353675842285
4.308670520782471
4.30798864364624
4.307387828826904
4.306764125823975
4.306157112121582
4.30553674697876
4.304927349090576
4.304337024688721
4.303761959075928
