nan
4.330716133117676
4.330720901489258
4.330721855163574
4.330702781677246
4.330704689025879
4.3307037353515625
4.33069372177124
4.330678939819336
4.330665111541748
4.330654144287109
4.330657958984375
4.33065938949585
4.330658435821533
4.3306193351745605
4.330626010894775
4.330617904663086
4.330608367919922
4.330583095550537
4.330563545227051
4.330584526062012
4.330549240112305
4.3305511474609375
4.330554485321045
4.3305439949035645
4.330532550811768
4.330526828765869
4.330517292022705
4.330512523651123
4.330496311187744
4.330484867095947
4.330470085144043
4.330493927001953
4.330450057983398
4.330466270446777
4.330456733703613
4.330451011657715
4.330447196960449
4.330439567565918
4.330453395843506
4.3303985595703125
4.330394268035889
4.330386161804199
4.330389976501465
4.3303751945495605
4.330404281616211
4.330388069152832
4.330362319946289
4.330349445343018
4.330380916595459
4.330347061157227
4.330341339111328
4.330325603485107
4.330347061157227
4.3303117752075195
4.33031702041626
4.330298900604248
4.330312252044678
4.330313205718994
4.330282211303711
4.330240726470947
4.3302741050720215
4.33024787902832
4.330224990844727
4.330221176147461
4.330248832702637
4.330235004425049
4.330206394195557
4.330216407775879
4.330199241638184
4.330172061920166
4.330152988433838
4.330172061920166
4.330182075500488
4.330173969268799
4.330151081085205
4.330094337463379
4.33015775680542
4.330092430114746
4.330081462860107
4.330111503601074
4.330038070678711
4.33009672164917
4.330082893371582
4.330038070678711
4.330010890960693
4.330038547515869
4.330059051513672
4.330018520355225
4.3300347328186035
4.330000877380371
4.330022811889648
4.330042839050293
4.330028057098389
4.329983234405518
4.329934120178223
4.329980850219727
4.329950332641602
4.329996109008789
4.329957008361816
4.329935550689697
4.329965114593506
4.3299560546875
4.329924583435059
4.329860687255859
4.329879283905029
4.32991361618042
4.329867839813232
4.329865455627441
4.329831123352051
4.329825401306152
4.329769134521484
4.3298845291137695
4.329898357391357
4.329855918884277
4.329834938049316
4.329761981964111
4.32975959777832
4.3297905921936035
4.329812049865723
4.329730987548828
4.329728603363037
4.329664707183838
4.3298163414001465
4.32970666885376
4.329745769500732
4.329733848571777
4.3297295570373535
4.329661846160889
4.329707145690918
4.329662799835205
4.3296918869018555
4.329697608947754
4.3296098709106445
4.329665660858154
4.329615116119385
4.329598903656006
4.3296051025390625
4.329644203186035
4.329615592956543
4.329555511474609
4.329588890075684
4.329658031463623
4.32958459854126
4.329617023468018
4.329625606536865
4.3296098709106445
4.329593658447266
4.329578399658203
4.329563140869141
4.329563617706299
4.329507350921631
4.3293938636779785
4.329537391662598
4.329553604125977
4.32956600189209
4.329464435577393
4.329455375671387
4.329495429992676
4.3295698165893555
4.32949161529541
4.329288005828857
4.3293986320495605
4.32950496673584
4.3293986320495605
4.329455852508545
4.329376697540283
4.329408645629883
4.329321384429932
4.329311847686768
4.329384803771973
4.329418659210205
4.329315662384033
4.3293776512146
4.329330921173096
4.329280376434326
4.3293046951293945
4.329324722290039
4.329232215881348
4.329293251037598
4.32928466796875
4.3292694091796875
4.329248905181885
4.329278945922852
4.329376220703125
4.329257011413574
4.329328536987305
4.329206943511963
4.329227447509766
4.329240798950195
4.329131126403809
4.32926607131958
4.329188346862793
4.329139709472656
4.32909631729126
4.3290910720825195
4.329146385192871
4.329034328460693
4.329133033752441
4.329137802124023
4.329002380371094
4.329058647155762
4.329062461853027
4.329051971435547
4.329043865203857
4.329001426696777
4.329010486602783
4.329058647155762
4.3289690017700195
4.328865051269531
4.329017639160156
4.328958988189697
4.328949928283691
4.328770160675049
4.329019069671631
4.328941822052002
4.328935146331787
4.328965187072754
4.328885078430176
4.328792095184326
4.328876972198486
4.32882022857666
4.328879356384277
4.328883647918701
4.328853607177734
4.328757286071777
4.328725337982178
4.328782081604004
4.328823089599609
4.328716278076172
4.328841209411621
4.328766822814941
4.3289289474487305
4.32880163192749
4.328705787658691
4.328807830810547
4.328723430633545
4.328768730163574
4.328793525695801
4.3287787437438965
4.328621864318848
4.328652381896973
4.328592777252197
4.328619003295898
4.328732967376709
4.328648090362549
4.328738212585449
4.328774929046631
4.328616619110107
4.328693866729736
4.328769683837891
4.328570365905762
4.328603267669678
4.32854700088501
4.328604698181152
4.328563690185547
4.328643798828125
4.328577041625977
4.32864236831665
4.328570365905762
4.328457832336426
4.328582763671875
4.328543663024902
4.328480243682861
4.328513145446777
4.32847785949707
4.328534126281738
4.32839298248291
4.328507900238037
4.328400135040283
4.328394889831543
4.328322887420654
4.328402996063232
4.328216552734375
4.328202247619629
4.328263282775879
4.328369617462158
4.328282833099365
4.328207969665527
4.328322887420654
4.328341007232666
4.328402042388916
4.328249931335449
4.3283491134643555
4.328240394592285
4.328124046325684
4.328131198883057
4.327950954437256
4.328067779541016
4.328256607055664
4.328004360198975
4.328127861022949
4.328107833862305
4.328072547912598
4.3279876708984375
4.3279643058776855
4.32804536819458
4.327894687652588
4.327694892883301
4.328001976013184
4.327722549438477
4.327944755554199
4.327858924865723
4.327719688415527
4.3279032707214355
4.327960968017578
4.327793121337891
4.327725887298584
4.3276166915893555
4.327899932861328
4.327752590179443
4.3275980949401855
4.327664852142334
4.327569007873535
4.327757835388184
4.327775001525879
4.327633857727051
4.32745885848999
4.327878475189209
4.327571868896484
4.327569961547852
4.327447414398193
4.327498435974121
4.327346324920654
4.327507495880127
4.327493667602539
4.327376842498779
4.32750940322876
4.3273820877075195
4.327439308166504
4.327208518981934
4.32741641998291
4.32743501663208
4.327390670776367
4.3273491859436035
4.3273234367370605
4.327241897583008
4.32717752456665
4.327220916748047
4.327396869659424
4.327427387237549
4.327277183532715
4.327221393585205
4.327206134796143
4.327113151550293
4.327058792114258
4.3273444175720215
4.326930522918701
4.327109336853027
4.327037334442139
4.326953887939453
4.327103137969971
4.326897621154785
4.326949596405029
4.327064514160156
4.3269453048706055
4.326982498168945
4.32710075378418
4.32690954208374
4.326948642730713
4.326972484588623
4.326974868774414
4.32689094543457
4.326827049255371
4.326737880706787
4.326888084411621
4.326530933380127
4.326708793640137
4.326509475708008
4.326902866363525
4.326563358306885
4.326714038848877
4.32651948928833
4.326761722564697
4.326684474945068
4.326701641082764
4.3263468742370605
4.32637357711792
4.326303482055664
4.326536655426025
4.326380252838135
4.3264031410217285
4.326354026794434
4.326418399810791
4.326358795166016
4.326362133026123
4.326254367828369
4.326545715332031
4.326094627380371
4.326107978820801
4.326310157775879
4.3263678550720215
4.326325416564941
4.326259136199951
4.326237678527832
4.3260979652404785
4.3263678550720215
4.326201915740967
4.326049327850342
4.325928688049316
4.3262810707092285
4.326213359832764
4.325976371765137
4.3260016441345215
4.325974941253662
4.325715065002441
4.325909614562988
4.325900554656982
4.326061725616455
4.325715065002441
4.325986385345459
4.325774192810059
4.325839996337891
4.326084613800049
4.325772762298584
4.325987815856934
4.3256940841674805
4.325778961181641
4.325700759887695
4.325894355773926
4.32553243637085
4.3254475593566895
4.325822353363037
4.325536727905273
4.325658798217773
4.325485706329346
4.325553894042969
4.325582981109619
4.325606346130371
4.325328350067139
4.325351238250732
4.325396537780762
4.325319766998291
4.325678825378418
4.325306415557861
4.325315952301025
4.325180530548096
4.3254594802856445
4.325355529785156
4.325406551361084
4.3253607749938965
4.325338363647461
4.32491397857666
4.325167179107666
4.325202465057373
4.325161457061768
4.32505464553833
4.325143814086914
4.324652671813965
4.324857234954834
4.325077056884766
4.324901103973389
4.325018882751465
4.324868202209473
4.324848175048828
4.324834823608398
4.324793815612793
4.324675559997559
4.325113773345947
4.324941158294678
4.324872016906738
4.324597358703613
4.324765205383301
4.324751377105713
4.324762344360352
4.32426118850708
4.324646949768066
4.324490547180176
4.32454776763916
4.324765205383301
4.324437618255615
4.324672222137451
4.324616432189941
4.3242058753967285
4.324130058288574
4.324276447296143
4.324424743652344
4.324332237243652
4.324520111083984
4.324139595031738
4.324106216430664
4.323845386505127
4.324024677276611
4.3240509033203125
4.3239545822143555
4.32379674911499
4.323718547821045
4.3239288330078125
4.324075698852539
4.323863506317139
4.3237528800964355
4.323940277099609
4.323422908782959
4.32368803024292
4.323612689971924
4.32354211807251
4.323472499847412
4.3237223625183105
4.32363224029541
4.323498725891113
4.323043346405029
4.323312282562256
4.323151111602783
4.323367118835449
4.323081970214844
4.323532581329346
4.3230485916137695
4.322930335998535
4.3236308097839355
4.323268890380859
4.323367595672607
4.323445796966553
4.322916507720947
4.323009490966797
4.322824954986572
4.322902679443359
4.32316255569458
4.322902202606201
4.323113441467285
4.323240756988525
4.322963714599609
4.323248863220215
4.322999954223633
4.322763442993164
4.32238245010376
4.322744369506836
4.3229169845581055
4.322966575622559
4.322659015655518
4.322839736938477
4.322509765625
4.322430610656738
4.32249641418457
4.3225274085998535
4.322521686553955
4.322206020355225
4.322353839874268
4.322646617889404
4.322127342224121
4.32207727432251
4.322032928466797
4.3222551345825195
4.322259902954102
4.322275638580322
4.322038650512695
4.321990966796875
4.322246074676514
4.322266578674316
4.321971893310547
4.32225227355957
4.322047233581543
4.321821212768555
4.322501182556152
4.321465015411377
4.321481704711914
4.32167911529541
4.32167387008667
4.3216471672058105
4.321822166442871
4.321761608123779
4.321472644805908
4.321190357208252
4.321550369262695
4.321783542633057
4.321300029754639
4.321742534637451
4.321465969085693
4.3213582038879395
4.320855617523193
4.321288108825684
4.321008682250977
4.321336269378662
4.320925235748291
4.321193695068359
4.320991516113281
4.3214311599731445
4.320927143096924
4.32111120223999
4.320865631103516
4.320943355560303
4.321230411529541
4.321199417114258
4.320987224578857
4.320904731750488
4.3207526206970215
4.321076393127441
4.320855140686035
4.320835590362549
4.320603370666504
4.32098388671875
4.320389747619629
4.32075309753418
4.320766925811768
4.320950508117676
4.320971965789795
4.32028341293335
4.320970058441162
4.320349216461182
4.319911956787109
4.320393085479736
4.32075309753418
4.320816516876221
4.320533275604248
4.3209686279296875
4.320215225219727
4.319833278656006
4.320666790008545
4.320043087005615
4.3206071853637695
4.320370674133301
4.320196151733398
4.319958209991455
4.3204145431518555
4.319943904876709
4.319911479949951
4.319996356964111
4.31992769241333
4.320109844207764
4.319814682006836
4.320529460906982
4.319786548614502
4.319895267486572
4.319483280181885
4.319654941558838
4.31964111328125
4.320408344268799
4.319666862487793
4.319355487823486
4.320055961608887
4.319187164306641
4.319483280181885
4.319761753082275
4.319269180297852
4.31941556930542
4.319043159484863
4.320021629333496
4.31932258605957
4.319357872009277
4.319874286651611
4.319494724273682
4.318903923034668
4.319023132324219
4.318620204925537
4.319471836090088
4.3186564445495605
4.318470001220703
4.318714618682861
4.318301200866699
4.318562030792236
4.318863868713379
4.318249225616455
