nan
4.331803321838379
4.331728458404541
4.331453323364258
4.33122444152832
4.331219673156738
4.331060886383057
4.33096981048584
4.33088493347168
4.330635070800781
4.329805850982666
4.329997539520264
4.3293776512146
4.329569339752197
4.329583644866943
4.329651355743408
4.330010414123535
4.330131530761719
4.32962703704834
4.3291425704956055
4.329704284667969
4.329433441162109
4.3284759521484375
4.329068660736084
4.329354286193848
4.329245567321777
4.329082489013672
4.329158782958984
4.329056739807129
4.328955173492432
4.3274126052856445
4.32755184173584
4.326964378356934
4.3268561363220215
4.326897621154785
4.327063083648682
4.326707363128662
4.326797008514404
4.326481342315674
4.326297283172607
4.3265862464904785
4.325801372528076
4.325847625732422
4.326212406158447
4.325960636138916
4.325614929199219
4.325456619262695
4.325438022613525
4.3251953125
4.325249671936035
4.325478553771973
4.325338840484619
4.325370788574219
4.325194835662842
4.324977874755859
4.324881076812744
4.324897766113281
4.324622631072998
4.324891567230225
4.324742317199707
4.3237080574035645
4.323719024658203
4.3233723640441895
4.32322883605957
4.323406219482422
4.323318958282471
4.322618007659912
4.322651386260986
4.322305202484131
4.3221354484558105
4.322563648223877
4.322107315063477
4.322094917297363
4.322032928466797
4.322088718414307
4.323461055755615
4.323282241821289
4.323281764984131
4.322967529296875
4.322939395904541
4.321921348571777
4.322020530700684
4.321755886077881
4.321722507476807
4.321433067321777
4.320659160614014
4.320743083953857
4.320446491241455
4.320228576660156
4.319952011108398
4.319267272949219
4.3190202713012695
4.319118022918701
4.318673133850098
4.318521022796631
4.319989204406738
4.319668769836426
4.319452285766602
4.319474220275879
4.3191351890563965
4.318929672241211
4.3190693855285645
4.318969249725342
4.318882942199707
4.318794250488281
4.317666053771973
4.317244529724121
4.317008018493652
4.317102432250977
4.316964626312256
4.317745208740234
4.317664623260498
4.317513942718506
4.317355632781982
4.317018985748291
4.317139625549316
4.31656551361084
4.316800117492676
4.317843437194824
4.316793441772461
4.315849304199219
4.315659046173096
4.315843105316162
4.315370559692383
4.3151397705078125
4.317732334136963
4.317522048950195
4.317404747009277
4.317023277282715
4.317143440246582
4.313498497009277
4.313103199005127
4.313222885131836
4.312690734863281
4.312840938568115
4.313312530517578
4.31292200088501
4.312629222869873
4.31237268447876
4.31223726272583
4.312963962554932
4.313023567199707
4.312719345092773
4.312753200531006
4.3123931884765625
4.3100996017456055
4.3101606369018555
4.309838771820068
0
0
4.309453010559082
4.309492588043213
4.309176445007324
4.308787822723389
4.308624267578125
4.308322906494141
4.307991981506348
4.307737350463867
4.3075666427612305
4.307435035705566
4.309911251068115
4.309579849243164
4.309009075164795
4.30862283706665
4.308612823486328
4.308533668518066
4.308332443237305
4.3086066246032715
4.307945728302002
4.307766437530518
4.305986404418945
4.305758476257324
4.30562162399292
4.305266380310059
0
0
4.3032732009887695
4.302894115447998
4.302888870239258
4.302556037902832
4.305813789367676
4.305760860443115
4.305691719055176
4.305552959442139
4.305227756500244
0
4.302265167236328
4.302219867706299
4.3020477294921875
4.301943302154541
4.300088882446289
4.299973487854004
0
4.299400329589844
0
4.30238151550293
4.302250385284424
4.302205562591553
4.301938533782959
4.301517486572266
4.300148010253906
4.300342559814453
4.299982070922852
4.29989767074585
4.299948692321777
4.299998760223389
4.299937725067139
4.299839019775391
4.299531936645508
4.298577785491943
4.298925876617432
4.298535346984863
4.298171520233154
4.297964572906494
4.298095703125
4.297879219055176
4.297644138336182
4.2974324226379395
4.297338008880615
4.297004699707031
4.2932353019714355
4.292730331420898
4.292782783508301
0
4.292546272277832
4.293529033660889
4.293506145477295
4.293527603149414
4.293144226074219
4.292806148529053
4.291009902954102
4.2909698486328125
4.290108680725098
4.289924144744873
4.289981842041016
4.288999080657959
4.288212776184082
4.298607349395752
4.298745155334473
4.298669815063477
4.288154602050781
4.288065433502197
0
4.28706169128418
4.287515163421631
4.289201736450195
4.28854513168335
4.28903865814209
4.288581371307373
4.2883219718933105
4.292270183563232
4.29164457321167
4.291422367095947
4.291348934173584
4.291286945343018
4.287356376647949
4.286718845367432
4.286473751068115
4.286399841308594
4.285672664642334
4.285402774810791
4.285057544708252
4.284839153289795
4.28400993347168
4.2839837074279785
4.282106399536133
4.28176212310791
4.281886100769043
4.281329154968262
4.280717849731445
4.283341407775879
4.283245086669922
4.282278060913086
4.282655715942383
4.282163619995117
4.281238079071045
4.280890464782715
4.2802276611328125
4.280227184295654
4.2804412841796875
4.279279708862305
4.279092311859131
4.278790473937988
4.278351783752441
4.278493881225586
4.281687259674072
4.281235218048096
4.280848979949951
4.280856132507324
4.280681610107422
4.274836540222168
4.274209022521973
4.273777008056641
4.273630142211914
4.273381233215332
4.273921012878418
4.274161338806152
4.2736735343933105
4.273128032684326
4.273021221160889
4.274950981140137
4.274050712585449
4.27357292175293
4.273352146148682
4.2733612060546875
4.274054527282715
4.273456573486328
4.272652626037598
4.272308349609375
4.272285461425781
4.269327640533447
4.269813060760498
4.269440650939941
0
4.268697738647461
4.270642280578613
4.2705817222595215
4.270239353179932
4.269628047943115
4.269435882568359
4.268449306488037
4.268118381500244
4.267974853515625
4.267286777496338
4.266929626464844
4.2684855461120605
4.268576622009277
4.267735481262207
4.267487525939941
4.267034530639648
4.265755653381348
4.265502452850342
4.264654636383057
4.26403284072876
4.264416694641113
4.265413284301758
4.265091419219971
4.264435768127441
4.264252662658691
4.263888835906982
4.262825965881348
4.262345314025879
4.261879920959473
4.261672019958496
4.2608795166015625
4.25886344909668
4.258694648742676
4.258453845977783
4.257278919219971
4.256994247436523
4.255346298217773
4.254997253417969
4.254223823547363
4.253532409667969
4.253471851348877
4.252971172332764
4.251885890960693
4.251175880432129
4.251202583312988
nan
nan
4.268930912017822
4.268521785736084
4.268174648284912
4.26792573928833
4.264754772186279
4.2643256187438965
4.263714790344238
4.263383865356445
4.262885570526123
4.26530122756958
4.2648725509643555
4.264571189880371
4.264136791229248
4.2638092041015625
4.257087230682373
4.256694793701172
4.2560272216796875
4.254734039306641
4.254270553588867
4.253574848175049
4.253101348876953
4.252565860748291
4.2515130043029785
4.251059532165527
4.2502970695495605
4.249655723571777
4.2493438720703125
4.24984884262085
4.249449253082275
4.249255180358887
4.248628616333008
4.247897148132324
4.247346878051758
4.24705171585083
4.246201992034912
4.246155261993408
4.245025157928467
4.243949890136719
4.243041038513184
4.242007255554199
4.241451263427734
4.241672515869141
4.243281364440918
4.242848873138428
4.242026329040527
4.241937160491943
4.241992950439453
4.24299955368042
4.242854595184326
4.242037296295166
4.241356372833252
4.2412333488464355
4.23414421081543
4.233039855957031
4.233007431030273
4.23215913772583
4.231764793395996
4.234192848205566
4.233549118041992
4.233236789703369
4.23325777053833
4.232367515563965
4.230210304260254
4.229777812957764
4.228816032409668
4.228562355041504
4.228581428527832
4.234520435333252
4.234564304351807
4.234235763549805
4.233692169189453
4.233017444610596
4.233587265014648
4.233281135559082
4.232839584350586
4.232663631439209
4.231716156005859
4.22899866104126
4.228338718414307
4.227577209472656
4.228042125701904
4.22734260559082
4.223525047302246
4.222775936126709
0
4.222282409667969
4.222594261169434
4.223891258239746
0
4.223287582397461
0
0
0
4.237829208374023
4.237346649169922
4.236858367919922
4.23659610748291
4.224165916442871
4.224058628082275
4.223554611206055
4.223719120025635
4.223605155944824
4.222814083099365
4.222286701202393
4.221677303314209
4.221889495849609
4.2213006019592285
4.228029727935791
4.2278618812561035
4.227622032165527
4.226968765258789
4.226404666900635
4.215212821960449
4.215001583099365
4.214201927185059
4.214447498321533
4.213794231414795
0
4.211015701293945
4.210206985473633
4.210179328918457
0
4.211667060852051
4.211081504821777
4.210508346557617
4.21065616607666
4.210239410400391
4.212923049926758
4.212353229522705
4.212369918823242
4.21180534362793
4.211577415466309
4.2051801681518555
4.204981803894043
4.204577445983887
4.204569339752197
4.204815864562988
4.204833030700684
4.204741954803467
4.204596519470215
4.203924655914307
4.203457832336426
4.20149564743042
4.202225685119629
4.200928688049316
4.2006096839904785
4.200361728668213
4.2049360275268555
4.203789710998535
4.20416259765625
4.20340633392334
4.202908992767334
4.2018961906433105
4.2019572257995605
4.201639652252197
4.200850009918213
4.200888633728027
4.200836181640625
4.1996307373046875
4.199617385864258
4.1993608474731445
4.198999881744385
4.200710296630859
4.200400352478027
4.200008392333984
0
4.201170921325684
4.208125591278076
4.208433628082275
4.207849979400635
4.207670211791992
4.206974506378174
4.202830791473389
4.20208740234375
4.201443672180176
4.202116012573242
4.20174503326416
4.20053768157959
4.1995368003845215
4.198053359985352
4.198469638824463
4.197595119476318
4.1936116218566895
4.193227767944336
nan
nan
nan
4.193929195404053
4.1931352615356445
4.19424295425415
4.192548751831055
4.1925740242004395
4.192204475402832
4.199245452880859
4.198354721069336
4.198149681091309
4.1976213455200195
4.196348190307617
4.190973281860352
4.190888404846191
4.190922260284424
0
0
0
0
4.189252853393555
0
0
0
0
0
0
4.1926798820495605
0
0
0
0
0
0
0
0
0
0
0
0
0
0
0
0
0
0
0
0
0
4.194380283355713
4.19394588470459
4.194085597991943
4.193734645843506
4.190443515777588
4.1903581619262695
4.190865993499756
4.190127372741699
4.189787864685059
4.191553115844727
4.19218635559082
4.192159175872803
4.191613674163818
4.191762924194336
4.198549747467041
4.198792457580566
4.198106288909912
4.197982311248779
4.197366714477539
4.193696975708008
4.193672180175781
4.192699432373047
4.192411422729492
4.191499710083008
4.187164783477783
4.1868133544921875
0
0
0
0
0
0
0
0
0
0
0
0
4.184457778930664
4.18498420715332
0
0
nan
4.184016227722168
0
0
0
0
0
0
0
4.183254241943359
4.1834564208984375
4.183462619781494
4.180520534515381
4.179467678070068
4.180041313171387
4.1795244216918945
4.1801605224609375
4.183827877044678
4.183772087097168
4.183202743530273
4.182711601257324
4.181757926940918
4.175879001617432
0
0
nan
4.174378395080566
0
0
0
0
4.17160177230835
4.174801826477051
4.174745559692383
4.174903392791748
4.173667907714844
4.1738810539245605
4.163181781768799
0
4.171082496643066
4.169364929199219
4.169312953948975
4.176321983337402
4.176703453063965
4.1766252517700195
4.176630020141602
4.17665958404541
4.164730072021484
4.165324687957764
4.165090084075928
4.165047645568848
4.164454936981201
4.170875072479248
4.170717716217041
4.170851230621338
4.169801235198975
4.170453071594238
4.164056301116943
4.164073467254639
4.164834499359131
4.163520336151123
4.163515090942383
4.163160800933838
4.164339065551758
4.163862705230713
4.164149761199951
4.164013385772705
4.164045810699463
4.162592887878418
4.162996292114258
4.162081241607666
4.162535667419434
4.163530349731445
4.164032936096191
4.163389205932617
4.162971496582031
4.163414478302002
4.1624603271484375
4.159104347229004
4.158604621887207
4.158027648925781
4.157704830169678
4.156415939331055
4.155484676361084
4.155597686767578
4.154614448547363
4.15484619140625
4.17015266418457
4.171319961547852
4.1726202964782715
4.172848701477051
4.172077655792236
4.166261196136475
4.16625452041626
4.1653056144714355
4.166496276855469
4.165040493011475
4.159026622772217
4.159061908721924
4.1595025062561035
4.158905982971191
4.1583967208862305
4.156637191772461
4.1565632820129395
4.156125545501709
4.155613422393799
4.156200408935547
4.165337085723877
4.164492607116699
4.164033889770508
4.163878917694092
4.163804531097412
4.1638946533203125
4.163702011108398
4.163627624511719
4.163675308227539
4.163820266723633
4.162852764129639
4.164703369140625
4.164463520050049
4.164924621582031
4.1637797355651855
4.159708023071289
4.1642913818359375
4.162981033325195
4.164433002471924
4.164093494415283
4.153633117675781
0
4.153440475463867
0
4.154548168182373
4.158867359161377
4.159269332885742
4.1591477394104
4.158419609069824
4.157835960388184
4.169424533843994
4.169088840484619
4.168063163757324
4.168163299560547
4.167146682739258
4.152518272399902
4.153163909912109
4.1517181396484375
4.151919364929199
4.151831150054932
4.155738830566406
4.156381607055664
4.15562629699707
4.156393051147461
4.156025409698486
4.154017448425293
4.153902053833008
4.1543779373168945
4.154836654663086
4.1532135009765625
4.15707540512085
4.157674312591553
4.157358646392822
4.157623767852783
4.157018184661865
4.162683486938477
4.162949085235596
4.162871837615967
4.162415981292725
4.16174840927124
4.155272483825684
0
4.1552276611328125
4.158546447753906
4.153835773468018
0
4.1457037925720215
4.145028591156006
4.14479923248291
4.144742965698242
0
4.149550437927246
4.151179313659668
4.150704383850098
4.151588439941406
4.147670269012451
4.14900016784668
4.147949695587158
4.148205757141113
0
4.152034759521484
4.150301933288574
4.1510114669799805
4.150604724884033
4.150559425354004
4.143913269042969
0
4.144125461578369
0
4.144121170043945
0
4.151687145233154
4.15179443359375
4.152041435241699
4.152352809906006
4.1543192863464355
4.153205871582031
4.1538214683532715
4.156468391418457
4.153048515319824
4.151423454284668
0
4.1508917808532715
4.15208625793457
4.150581359863281
4.148933410644531
4.149151802062988
4.149192810058594
4.149675369262695
4.149195671081543
4.1510009765625
4.150234222412109
4.150505065917969
0
4.149003505706787
0
4.151860237121582
4.150935173034668
4.150035858154297
4.151240348815918
0
4.151065349578857
4.15069580078125
4.151445388793945
4.1512980461120605
4.154014587402344
4.156733989715576
4.156443119049072
4.155970096588135
4.155406475067139
4.1568450927734375
4.1564106941223145
4.157443046569824
4.156367301940918
4.1576337814331055
4.141550064086914
nan
4.143661975860596
0
4.140889644622803
0
4.148281097412109
4.149179458618164
4.148622512817383
0
4.143911361694336
0
4.140536308288574
4.144529342651367
nan
4.14581298828125
4.145949363708496
4.146058082580566
4.146390914916992
4.1461381912231445
4.152716636657715
4.153323173522949
4.153952121734619
4.153054237365723
4.152853012084961
4.146796226501465
4.147663116455078
4.148162364959717
4.147845268249512
4.148578643798828
4.1521806716918945
4.151630878448486
4.15273380279541
4.1529998779296875
4.15268611907959
4.1650238037109375
4.1658148765563965
4.166113376617432
4.165988922119141
4.165957927703857
4.148011207580566
4.146854400634766
4.147181034088135
0
4.14597749710083
4.152407169342041
4.160396575927734
4.153183460235596
0
4.154064655303955
0
4.149104595184326
4.150090217590332
4.149554252624512
4.1485137939453125
4.151688575744629
4.151948928833008
4.151393890380859
4.152157306671143
4.1514482498168945
4.14180850982666
4.142230987548828
4.142014503479004
4.14159631729126
4.140857696533203
4.152717113494873
4.151973247528076
4.151412010192871
4.152407646179199
4.150784015655518
0
0
0
0
0
0
0
0
0
0
0
