4.335650444030762
4.329996585845947
4.320514678955078
4.295855522155762
4.282987117767334
4.234133243560791
4.189352512359619
4.131623268127441
4.0641632080078125
4.023125171661377
3.9623098373413086
3.8986122608184814
3.8439884185791016
3.7908527851104736
3.737787961959839
3.7595343589782715
3.7201335430145264
3.683012008666992
3.6488542556762695
3.6143457889556885
3.55324125289917
3.522594690322876
3.4932055473327637
3.464672565460205
3.4392149448394775
3.4932126998901367
3.4791035652160645
3.4647340774536133
3.449864149093628
3.4331858158111572
3.34765362739563
3.342893600463867
3.349682331085205
3.345442295074463
3.415911912918091
4.619663715362549
3.755282163619995
3.3486876487731934
3.350525140762329
3.3470356464385986
3.4681506156921387
3.4574100971221924
3.4429171085357666
3.4265804290771484
3.4085774421691895
3.35960054397583
3.357496738433838
3.3528006076812744
3.353672742843628
3.3584325313568115
3.8359758853912354
3.5977883338928223
3.7524213790893555
3.7188503742218018
3.669654607772827
3.707855224609375
3.524911880493164
3.5453832149505615
3.5151355266571045
3.517030954360962
3.4440629482269287
3.4420199394226074
3.4412546157836914
3.4414710998535156
3.4413115978240967
3.497410297393799
3.498236894607544
3.497775077819824
3.4972596168518066
3.4974937438964844
3.3801159858703613
3.380314588546753
3.378162384033203
3.37751841545105
3.375117778778076
3.4115755558013916
3.411344289779663
3.4151201248168945
3.4081854820251465
3.409090042114258
3.4934918880462646
3.49399995803833
3.4952683448791504
3.494860887527466
3.493621826171875
3.4940009117126465
3.4943926334381104
3.494300365447998
3.493586778640747
3.4935452938079834
3.4906740188598633
3.4920296669006348
3.4921300411224365
3.4920871257781982
3.4904708862304688
3.402771472930908
3.4014132022857666
3.4011318683624268
3.400535821914673
3.4014148712158203
3.418671131134033
3.419908285140991
3.3956069946289062
3.4041404724121094
3.3978374004364014
3.3771185874938965
3.3689188957214355
3.3678641319274902
3.3715200424194336
3.367403507232666
3.47650408744812
3.476259231567383
3.4768905639648438
3.478134870529175
3.4767637252807617
3.4061782360076904
3.407914638519287
3.4060208797454834
3.403306245803833
3.399596929550171
3.386655569076538
3.3837082386016846
3.380922317504883
3.3796732425689697
3.3773860931396484
3.366499423980713
3.3653533458709717
3.3641695976257324
3.361851453781128
3.3598508834838867
3.4583089351654053
3.455676317214966
3.453568935394287
3.4524056911468506
3.4500033855438232
3.4903249740600586
3.489870071411133
3.4915072917938232
3.4911270141601562
3.4942142963409424
3.4372618198394775
3.4376113414764404
3.438159942626953
3.4377119541168213
3.4364233016967773
3.4605817794799805
3.4612975120544434
3.4603817462921143
3.4592392444610596
3.4601829051971436
3.354109525680542
3.354370355606079
3.3541738986968994
3.3543035984039307
3.3547046184539795
3.4833550453186035
3.481475353240967
3.489347457885742
3.483159303665161
3.4909491539001465
3.383657217025757
3.383868455886841
3.3844175338745117
3.386409282684326
3.3866069316864014
3.377101421356201
3.378157138824463
3.3788297176361084
3.3806610107421875
3.3801589012145996
3.5015645027160645
3.5025928020477295
3.4991118907928467
3.500345468521118
3.500635862350464
3.3997886180877686
3.3995344638824463
3.397942543029785
3.396465301513672
3.395723819732666
3.77756667137146
3.8331258296966553
3.839249849319458
3.8546087741851807
3.859802722930908
3.8830463886260986
3.6317951679229736
3.4444420337677
3.4003777503967285
3.4038820266723633
3.466688632965088
3.464911699295044
3.462181806564331
3.461118459701538
3.4596691131591797
3.5105831623077393
3.512228488922119
3.5118861198425293
3.5129730701446533
3.5151236057281494
3.5394322872161865
3.518610954284668
3.5251858234405518
3.5205273628234863
3.5186915397644043
3.42287540435791
3.4091873168945312
3.4151484966278076
3.4150948524475098
3.412405014038086
3.4795210361480713
3.4752233028411865
3.4777865409851074
3.471637487411499
3.47363018989563
3.354774236679077
3.3516833782196045
3.35017991065979
3.350020408630371
3.3465187549591064
3.42107892036438
3.4218642711639404
3.4212512969970703
3.420815944671631
3.420665979385376
3.462028741836548
3.4675216674804688
3.4632036685943604
3.463111400604248
3.4623477458953857
3.5920796394348145
3.5970816612243652
3.6020052433013916
3.607970714569092
3.6095547676086426
3.4244418144226074
3.4267096519470215
3.4276490211486816
3.4307732582092285
3.4308087825775146
3.4259908199310303
3.428764820098877
3.4276816844940186
3.431224822998047
3.43284273147583
3.488990068435669
3.494781732559204
3.505368709564209
3.51621413230896
3.5120849609375
3.4351980686187744
3.435920000076294
3.43357253074646
3.434998035430908
3.4335601329803467
3.651911735534668
3.656615972518921
3.664217948913574
3.6627070903778076
3.6631529331207275
3.4045794010162354
nan
3.3941822052001953
3.3948423862457275
3.397901773452759
3.4477808475494385
3.4508602619171143
3.4508216381073
3.4544639587402344
3.452439785003662
3.5992913246154785
3.59342622756958
3.6000826358795166
3.5980727672576904
3.605952262878418
3.451763391494751
3.45526385307312
3.459932327270508
