4.329996109008789
4.329905033111572
4.329822540283203
4.330054759979248
4.33010196685791
4.330061912536621
4.329982757568359
4.330015182495117
4.329707622528076
4.329753875732422
4.329641819000244
4.3295063972473145
4.329608917236328
4.329402923583984
4.32958984375
4.329373836517334
4.329363822937012
4.329221725463867
4.329306602478027
4.329174041748047
4.329249382019043
4.32915735244751
4.3291401863098145
4.32935094833374
4.329250812530518
4.329268455505371
4.32919454574585
4.329202651977539
4.328818321228027
4.328750133514404
4.32881498336792
4.328827381134033
4.32877779006958
4.328765869140625
4.328741073608398
4.328210830688477
4.328217029571533
4.328225612640381
4.328096866607666
4.328051567077637
4.328108310699463
4.328162670135498
4.328168869018555
4.328103065490723
4.327980041503906
4.327888488769531
4.327990531921387
4.327952861785889
4.327892780303955
4.327856540679932
4.327777862548828
4.327695846557617
4.327592372894287
4.327564239501953
4.327533721923828
4.327536582946777
4.327490329742432
4.327317714691162
4.32763147354126
4.327322483062744
4.327046871185303
4.327115535736084
4.327012538909912
4.326904296875
4.327930927276611
4.327930450439453
4.3279032707214355
4.327828884124756
4.327859878540039
4.32670783996582
4.327050685882568
4.327009677886963
4.3269805908203125
4.326939582824707
4.326900005340576
4.326653003692627
4.326868057250977
4.326808452606201
