4.331203460693359
4.331202507019043
4.3312153816223145
4.331201553344727
4.331202030181885
4.331191539764404
4.330758094787598
4.331231594085693
4.331226825714111
4.331228733062744
4.331223011016846
4.331230640411377
4.330347537994385
4.330348968505859
4.331101417541504
4.331109046936035
4.331103324890137
4.33111047744751
4.33110237121582
4.331202983856201
4.330942630767822
4.330952167510986
4.3309526443481445
4.330952167510986
4.330948829650879
4.330611705780029
4.330611705780029
4.331120014190674
4.331120491027832
4.331118106842041
4.331118583679199
4.331118106842041
4.331350803375244
4.331425189971924
4.331420421600342
4.331423759460449
4.331426620483398
4.331423759460449
4.331595420837402
4.331323623657227
4.3313188552856445
4.3313164710998535
4.331319808959961
4.331316947937012
4.330323696136475
4.331267833709717
4.331259250640869
4.331258296966553
4.331254005432129
4.331257343292236
4.330787658691406
4.330788612365723
4.330984592437744
4.330984115600586
4.330982208251953
4.330987930297852
4.3309855461120605
4.330985069274902
4.330976486206055
4.3312811851501465
4.331280708312988
4.331282138824463
4.3312788009643555
4.331280708312988
4.331291675567627
4.331295967102051
4.330896854400635
4.330895900726318
4.330898284912109
4.330895900726318
4.3308939933776855
4.331080436706543
4.331248760223389
4.331244945526123
4.331244945526123
4.331244468688965
4.331244945526123
4.33121395111084
4.331034183502197
4.3310370445251465
4.33103609085083
4.331034183502197
4.3310346603393555
4.33143424987793
4.33143424987793
4.330812931060791
4.330807209014893
4.330808162689209
4.330808639526367
4.330808162689209
4.331389427185059
4.330742359161377
4.3307390213012695
4.330737590789795
4.330735206604004
4.330742835998535
4.330989837646484
4.330536842346191
4.330533027648926
4.3305344581604
4.330534934997559
4.330531120300293
4.330698013305664
4.331252574920654
4.331251621246338
4.331249713897705
4.331249237060547
4.331249237060547
4.331042289733887
4.3310370445251465
4.330434322357178
4.330434799194336
4.330434799194336
4.330434799194336
4.3304338455200195
4.331111431121826
4.331116199493408
4.330982685089111
4.330983638763428
