nan
4.33178186416626
4.331173419952393
4.330605983734131
4.330688953399658
4.331023693084717
4.330088138580322
4.3310041427612305
4.330507755279541
4.330685138702393
4.3305182456970215
4.329885005950928
4.329636573791504
4.330567836761475
4.328014850616455
4.3303327560424805
4.329401016235352
4.328847885131836
4.328680515289307
4.327968120574951
4.331593990325928
4.32826566696167
4.328554630279541
4.326492786407471
4.330904006958008
4.327268600463867
4.327861785888672
4.32544469833374
4.329040050506592
4.328816890716553
4.32420015335083
4.32617712020874
4.32574987411499
4.32586669921875
4.325589656829834
4.332167625427246
4.327822685241699
4.323688507080078
4.328771114349365
4.331150531768799
4.323511600494385
4.328128337860107
4.324232578277588
4.327091693878174
4.3265886306762695
4.323985576629639
4.32294225692749
4.322006702423096
4.323190212249756
4.322768688201904
4.323115825653076
4.32261323928833
4.32646369934082
4.323999881744385
4.323021411895752
4.326248645782471
4.321645736694336
4.322022438049316
4.324502468109131
4.325295448303223
4.321316242218018
4.322829723358154
4.322587966918945
4.322048664093018
4.323457717895508
4.324263572692871
4.323078155517578
4.324499607086182
4.322868347167969
4.324063777923584
4.321311950683594
4.323174476623535
4.319889068603516
4.322152137756348
4.322618007659912
4.319396018981934
4.319313049316406
4.32304048538208
4.318114757537842
4.326130390167236
4.322669506072998
4.327172756195068
4.324243545532227
4.326530456542969
4.318155288696289
4.319652080535889
4.320003509521484
4.3250885009765625
4.325634002685547
4.321669101715088
4.319906711578369
4.324342250823975
4.327627658843994
4.318806171417236
4.320336818695068
4.31989860534668
4.32114839553833
4.32248067855835
4.320926666259766
4.318602085113525
4.319993019104004
4.322335243225098
4.3213324546813965
4.317050457000732
4.321961402893066
4.3228349685668945
4.319817066192627
4.318953990936279
4.318856239318848
4.317930221557617
4.32032585144043
4.323739528656006
4.320941925048828
4.3190436363220215
4.315114498138428
4.3169026374816895
4.323248386383057
4.324379920959473
4.3177313804626465
4.316980838775635
4.321997165679932
4.320743560791016
4.316858768463135
4.3156280517578125
4.321634769439697
4.319243431091309
4.316089630126953
4.319650650024414
4.316861629486084
4.320362567901611
4.317200183868408
4.322870254516602
4.314791679382324
4.31982421875
4.315128326416016
4.32127046585083
4.317586898803711
4.315095901489258
4.323357105255127
4.31600284576416
4.315140724182129
4.317504405975342
4.322964191436768
4.3149333000183105
4.319008827209473
4.317136764526367
4.315088272094727
4.31784200668335
4.320289134979248
4.315535068511963
4.321869373321533
4.315334320068359
4.31477689743042
4.319760322570801
4.317504405975342
4.316501140594482
4.315968990325928
4.313549995422363
4.318107604980469
4.315584659576416
4.320009708404541
4.314170837402344
4.313547611236572
4.314168930053711
4.315348148345947
4.314907550811768
4.313432216644287
4.313477993011475
4.312557220458984
4.317436218261719
4.3112688064575195
4.315532684326172
4.317264080047607
4.3121867179870605
4.313208103179932
4.314405918121338
4.314128398895264
4.318125247955322
4.31501579284668
4.314370155334473
4.319847106933594
4.327500820159912
4.3152971267700195
4.310551166534424
4.3113203048706055
4.315489292144775
4.311975002288818
4.312389373779297
4.3205461502075195
4.31701135635376
4.310448169708252
4.314279556274414
4.312509536743164
4.311901092529297
4.31193208694458
4.314282417297363
4.309970378875732
4.310685634613037
4.3110671043396
4.322741985321045
4.315642356872559
4.319870471954346
4.309102535247803
4.318915843963623
4.309403896331787
4.312966346740723
4.31101131439209
4.314065933227539
4.31631326675415
4.3155364990234375
4.310554504394531
4.31920051574707
4.317708969116211
4.309594631195068
4.312860012054443
4.312561988830566
