nan
4.3315815925598145
4.331700325012207
4.331547260284424
4.328957557678223
4.328730583190918
4.32874870300293
4.3285322189331055
4.32858943939209
nan
nan
nan
nan
nan
4.330282211303711
4.330432415008545
4.329999923706055
4.329898357391357
4.329897403717041
4.329955577850342
4.329822063446045
4.32973575592041
4.329594612121582
4.329488754272461
4.328487873077393
4.3282294273376465
4.328191757202148
4.3279194831848145
4.327970504760742
4.333288192749023
4.333184242248535
4.332880020141602
4.33316707611084
4.3331193923950195
4.331993103027344
nan
4.329840660095215
nan
nan
4.326460838317871
4.326529026031494
4.3265790939331055
4.3283491134643555
4.327993869781494
4.328487873077393
4.326533317565918
4.32646369934082
4.326292037963867
4.326115608215332
4.325931072235107
4.326534271240234
4.325863361358643
4.326120376586914
4.326123237609863
4.326077461242676
4.325756072998047
4.326013088226318
4.32539176940918
4.325564384460449
4.3257646560668945
4.325464725494385
4.325421333312988
4.325337886810303
4.325292587280273
4.3251237869262695
4.3234734535217285
4.323354244232178
4.322940349578857
4.323087692260742
4.322783946990967
4.323145389556885
4.322697162628174
4.322381973266602
4.322364807128906
4.322322845458984
4.32197904586792
4.322057247161865
4.3218464851379395
4.3217878341674805
4.321892261505127
4.322288513183594
4.3220391273498535
4.322003364562988
4.322059631347656
4.322048187255859
4.321685314178467
4.321432590484619
4.321395397186279
4.321182727813721
4.321351051330566
4.321871280670166
4.3219757080078125
4.321798801422119
4.321609020233154
4.321712970733643
4.321689605712891
4.32166051864624
4.321391582489014
4.321306228637695
4.321154594421387
4.321205139160156
4.3212971687316895
4.321483135223389
4.321265697479248
4.320775985717773
4.320528507232666
4.320347785949707
4.320340156555176
4.3205132484436035
4.320307731628418
4.3198137283325195
4.319233417510986
4.319388389587402
4.319364547729492
4.319540023803711
4.320894241333008
4.320903301239014
4.3207173347473145
4.32076358795166
4.320500373840332
4.3197832107543945
4.319738864898682
4.319772243499756
4.319447040557861
4.319370746612549
4.318269729614258
nan
4.318323135375977
nan
4.318365097045898
nan
4.319486141204834
4.31932258605957
4.319436073303223
4.319087982177734
