nan
4.330911636352539
4.330844402313232
4.330842971801758
4.330839157104492
4.330820083618164
4.330796241760254
4.330763339996338
4.3307647705078125
4.330726146697998
4.330708026885986
4.330687999725342
4.33066463470459
4.3306427001953125
4.330605983734131
4.330563545227051
4.330564498901367
4.3305134773254395
4.330498218536377
4.330445289611816
4.330429553985596
4.330383777618408
4.3303632736206055
4.330310344696045
4.330283164978027
4.3302435874938965
4.330188751220703
4.330123424530029
4.330065727233887
4.33004903793335
4.329959392547607
4.32993745803833
4.329862594604492
4.32975959777832
4.329681396484375
4.329671859741211
4.329561710357666
4.329497814178467
4.329432964324951
4.329322338104248
4.329232692718506
4.329222202301025
4.329087257385254
4.3289713859558105
4.328888416290283
4.328775405883789
4.328722953796387
4.3286285400390625
4.3284173011779785
4.328453540802002
4.328228950500488
4.328113555908203
4.327910423278809
4.327807426452637
4.327631950378418
4.327615737915039
4.327461242675781
4.3273606300354
4.327227592468262
4.327052116394043
4.326837062835693
4.326570510864258
4.326472282409668
4.326452732086182
4.326106548309326
4.32588529586792
4.325719356536865
4.325483322143555
4.325129508972168
4.325121879577637
4.325009822845459
4.324771404266357
4.324482440948486
4.324029922485352
4.3240766525268555
4.324012279510498
4.323546409606934
4.323347091674805
4.323105335235596
4.323124408721924
4.3228654861450195
4.322177886962891
4.321765422821045
4.321742534637451
4.321494102478027
4.321322917938232
4.321320533752441
4.320493221282959
4.320191860198975
4.320355415344238
4.319793224334717
4.319155216217041
4.319332599639893
4.31890869140625
4.3186163902282715
4.318617820739746
4.318103790283203
4.317440986633301
4.316802501678467
4.317079067230225
4.316945552825928
4.316271781921387
4.315807342529297
4.315845012664795
4.314936637878418
4.314950466156006
4.314496994018555
4.313905715942383
4.314158916473389
4.313310146331787
4.313228607177734
4.312767505645752
4.312401294708252
4.312647342681885
4.31140661239624
4.311124801635742
4.310710430145264
4.3108229637146
4.3105149269104
4.310788154602051
4.30999755859375
4.309612274169922
4.308755874633789
4.3077712059021
4.307642936706543
4.308141231536865
4.307806968688965
4.307611465454102
4.306645393371582
4.305828094482422
4.305408477783203
4.305106163024902
4.304383277893066
4.303407192230225
4.303589820861816
4.303126335144043
4.303544521331787
4.301262378692627
4.301620960235596
4.301010608673096
4.300734996795654
4.300377368927002
4.30053186416626
4.298694610595703
4.298904895782471
4.297883987426758
4.29915714263916
4.299326419830322
4.297659873962402
4.297232151031494
4.2964630126953125
4.2961039543151855
4.295490264892578
4.295194149017334
4.293825149536133
4.29375696182251
4.293478488922119
4.293884754180908
4.29195499420166
4.293664455413818
4.2923712730407715
4.292355537414551
4.289740562438965
4.29011869430542
4.289687156677246
4.289125919342041
4.289487361907959
4.287447929382324
4.287038803100586
4.287590026855469
4.286443710327148
4.284863471984863
4.2858099937438965
4.284069061279297
4.283061981201172
4.284479141235352
4.2829389572143555
4.283299446105957
4.281987190246582
4.281008720397949
4.279623985290527
4.279467582702637
4.280263900756836
4.27872371673584
4.278951168060303
4.276831150054932
4.278147220611572
4.2768073081970215
4.277462005615234
4.2771382331848145
4.274208068847656
4.276672840118408
4.275943756103516
4.2740302085876465
4.27227783203125
4.271698474884033
4.270774841308594
4.273087024688721
4.270125389099121
4.2682695388793945
4.269665718078613
4.267998218536377
4.2686285972595215
4.2660675048828125
4.267324447631836
4.265289783477783
4.2668352127075195
4.264854431152344
4.2654709815979
4.266396999359131
4.2649455070495605
4.26417350769043
4.263505458831787
4.264527797698975
4.261576175689697
4.262161731719971
4.261445045471191
4.259786605834961
4.25613260269165
4.259502410888672
4.262157917022705
4.256896495819092
4.259531021118164
4.2554168701171875
4.257574081420898
4.2555084228515625
4.258734226226807
4.2531633377075195
4.251933574676514
4.253601551055908
4.250763893127441
4.252697467803955
4.252331733703613
4.250990867614746
4.253293037414551
4.24807071685791
4.24644660949707
4.249140739440918
4.248387813568115
4.247489929199219
4.246129989624023
4.24484920501709
4.246270179748535
4.244757652282715
4.242568016052246
4.240471839904785
4.2429962158203125
4.243542194366455
4.239996433258057
4.243788719177246
4.240949630737305
4.236416816711426
4.241415977478027
4.2355170249938965
4.236103057861328
4.235716819763184
4.238716125488281
4.235952377319336
4.231817722320557
4.235111236572266
4.234940528869629
4.234395503997803
4.231575012207031
4.234170436859131
