4.330497741699219
4.329028129577637
4.326127052307129
4.321970462799072
4.3156046867370605
4.305421829223633
4.29093599319458
4.271344184875488
4.247535228729248
4.217278957366943
4.184464454650879
4.141613006591797
4.09808874130249
4.049619197845459
3.9983134269714355
3.940397262573242
3.888143301010132
3.835527181625366
3.785613775253296
3.743401527404785
3.728044271469116
3.7038583755493164
3.6886355876922607
3.6824791431427
3.6781487464904785
3.6493470668792725
3.6431121826171875
3.6349599361419678
3.6282434463500977
3.612028121948242
3.6614365577697754
3.6447582244873047
3.6273646354675293
3.609079599380493
3.5923943519592285
3.5744543075561523
3.5610198974609375
3.5503859519958496
3.5421035289764404
3.5343017578125
3.51932430267334
3.519855499267578
