nan
4.330621242523193
4.329404830932617
4.328273773193359
4.328672885894775
4.326380252838135
4.325565814971924
4.3243327140808105
4.322952747344971
4.321438789367676
4.3204426765441895
4.318704128265381
4.316956520080566
4.3151116371154785
4.3132829666137695
4.311293601989746
4.309050559997559
4.306441307067871
4.303873062133789
4.301376819610596
4.298779487609863
4.2962212562561035
4.293548107147217
4.290719032287598
4.287770748138428
4.283360481262207
4.280021667480469
4.2764763832092285
4.272748947143555
4.268806457519531
4.265840530395508
4.261805534362793
4.257757186889648
4.253681182861328
4.249514102935791
4.246948719024658
4.242733001708984
4.238440990447998
4.233941078186035
4.2296648025512695
4.22731351852417
4.2233171463012695
4.2193379402160645
4.215309143066406
4.211392402648926
4.205148696899414
4.201216697692871
4.1972761154174805
4.192993640899658
4.189026832580566
4.182997226715088
4.178989887237549
4.174908638000488
4.170881748199463
4.166972637176514
4.167866230010986
4.164263725280762
4.1606364250183105
4.1574931144714355
4.15346622467041
4.150676250457764
4.147449970245361
4.144796371459961
4.1417999267578125
4.139242172241211
4.135497570037842
4.133016586303711
4.130289077758789
4.127213954925537
4.124129772186279
4.116640567779541
4.113265037536621
4.109522342681885
4.105727672576904
4.101985931396484
4.107513427734375
4.103777885437012
4.100094795227051
4.096316814422607
4.093039512634277
4.08264684677124
4.079247951507568
4.075662136077881
4.071837902069092
4.067707061767578
4.064837455749512
4.060568809509277
4.056166172027588
4.05122709274292
4.046581745147705
4.046051025390625
4.042320728302002
4.037437915802002
4.033430576324463
4.0296311378479
4.025513172149658
4.021651744842529
4.017988204956055
4.014471530914307
4.0106964111328125
4.002408504486084
3.9986674785614014
3.994511842727661
3.990307092666626
3.9863128662109375
3.98215389251709
3.978119134902954
3.973928213119507
3.969956874847412
3.9661128520965576
3.967559576034546
3.963768243789673
3.9600610733032227
3.9566171169281006
3.9530251026153564
3.9465527534484863
3.9432284832000732
3.939980983734131
3.936380386352539
3.932781457901001
3.9296395778656006
3.925976037979126
3.922318935394287
3.919003486633301
3.9153857231140137
3.911179542541504
3.9076924324035645
3.9039130210876465
3.9003405570983887
3.8970344066619873
3.894812822341919
3.8908743858337402
3.8873305320739746
3.8840811252593994
3.880570411682129
3.880945920944214
3.8779566287994385
3.8741519451141357
3.8714654445648193
3.868770122528076
3.8639895915985107
3.86126446723938
3.8578574657440186
3.8550548553466797
3.852254867553711
3.8408172130584717
3.8378055095672607
3.835057497024536
3.8316080570220947
3.828634738922119
3.834367036819458
3.8311944007873535
3.8279800415039062
3.8248274326324463
3.8221805095672607
3.8166732788085938
3.814194679260254
3.811249256134033
3.808610200881958
3.8058674335479736
3.8022053241729736
3.7997963428497314
3.7975778579711914
3.795109272003174
3.792919635772705
3.7834064960479736
3.7804622650146484
3.7780418395996094
3.7755889892578125
3.7728443145751953
3.771831512451172
3.7693159580230713
3.766634464263916
3.7639968395233154
3.761169910430908
3.7735745906829834
3.771160125732422
3.7685091495513916
3.7667136192321777
3.7642712593078613
3.752638339996338
3.750281810760498
3.7480757236480713
3.7456681728363037
3.743497371673584
3.747537612915039
3.745163917541504
3.742757558822632
3.7407236099243164
3.7387242317199707
3.733511209487915
3.731532573699951
3.729750156402588
3.727877140045166
3.7260067462921143
3.719121217727661
3.7177867889404297
3.715848207473755
3.714407444000244
3.712864875793457
3.721297264099121
3.719789505004883
3.717831611633301
3.715972661972046
3.7140862941741943
3.699510097503662
3.6971933841705322
3.694953441619873
3.6931915283203125
3.690824508666992
3.6917884349823
3.6898934841156006
3.687842845916748
3.686525583267212
3.684255361557007
3.689035415649414
3.687347173690796
3.685558557510376
3.683781623840332
3.6820785999298096
3.6813457012176514
3.6795506477355957
3.6778712272644043
3.6760470867156982
3.673710584640503
3.6644644737243652
3.6626453399658203
3.661212921142578
3.6598429679870605
3.6582624912261963
3.653823137283325
3.6525449752807617
3.650954246520996
3.649862766265869
3.648312568664551
3.6537253856658936
3.652292490005493
3.6512608528137207
3.650115966796875
3.648977041244507
3.652235269546509
3.6513171195983887
3.6500096321105957
3.6488492488861084
3.648256540298462
3.6414570808410645
3.640133857727051
3.639068365097046
3.6378722190856934
3.636749744415283
3.6384377479553223
3.637521982192993
3.6363773345947266
3.6355059146881104
3.6349880695343018
3.630542278289795
3.629572868347168
3.6295032501220703
3.6280410289764404
3.6278321743011475
3.6271071434020996
3.626331090927124
3.626037836074829
3.625005006790161
3.624338388442993
3.6209957599639893
3.620296001434326
3.6195993423461914
3.619382619857788
3.617861032485962
3.618886709213257
3.617260694503784
3.6166462898254395
3.6152172088623047
3.6143290996551514
3.613032579421997
3.611868381500244
3.6108484268188477
3.6099722385406494
3.6091301441192627
3.6080245971679688
3.6089489459991455
3.6109323501586914
3.6087357997894287
3.6075942516326904
3.608524799346924
3.6071276664733887
3.6059775352478027
3.605236530303955
3.6022703647613525
3.6130354404449463
3.6117324829101562
3.6110944747924805
3.6098239421844482
3.609165668487549
3.6012072563171387
3.6003949642181396
3.599761962890625
3.598700761795044
3.5984857082366943
3.583272933959961
3.582623243331909
3.5818474292755127
3.5806725025177
3.579620361328125
3.5982744693756104
3.596965789794922
nan
3.6007492542266846
3.5993025302886963
3.5813066959381104
3.5812652111053467
3.5800819396972656
3.579803943634033
3.578892469406128
3.585047483444214
3.583966016769409
3.583203077316284
3.582359552383423
nan
3.571439027786255
3.570183277130127
3.5694174766540527
3.5683705806732178
3.566851854324341
3.5655360221862793
3.564814329147339
3.563101053237915
3.562148094177246
3.5609774589538574
3.5669779777526855
3.5655434131622314
3.5647499561309814
3.563997983932495
3.563342571258545
3.5554840564727783
3.554365634918213
3.5590317249298096
3.552744150161743
3.5527760982513428
3.5494134426116943
3.5490522384643555
3.5480575561523438
3.5473110675811768
3.546874523162842
3.5566160678863525
3.556473731994629
3.555574417114258
3.555126428604126
3.5531628131866455
3.5500667095184326
3.54784893989563
3.5484743118286133
3.5481860637664795
3.547372341156006
3.543940544128418
3.5428316593170166
3.5419921875
3.5413801670074463
3.5411179065704346
3.529120922088623
nan
3.5280673503875732
3.526742458343506
3.5266807079315186
3.5371620655059814
3.53692889213562
nan
3.535325527191162
3.535161018371582
3.529996633529663
3.528015375137329
3.5291144847869873
3.528014898300171
3.5281803607940674
3.535588264465332
3.5336227416992188
3.5328428745269775
3.5325632095336914
3.532339096069336
3.5257058143615723
3.525155544281006
3.523428201675415
3.5230226516723633
3.5225040912628174
3.547624111175537
3.547957181930542
nan
3.546745538711548
nan
3.510531425476074
3.5103182792663574
3.509453058242798
3.508784294128418
3.508071184158325
3.543170213699341
3.5432350635528564
3.5412652492523193
3.5418667793273926
nan
3.518887996673584
3.5192337036132812
3.5182173252105713
3.5238332748413086
3.517855644226074
3.52417254447937
3.5238091945648193
3.5252811908721924
3.523301839828491
nan
3.5101089477539062
3.5130937099456787
3.509286880493164
3.5104572772979736
3.508406639099121
3.516820192337036
3.5180561542510986
3.517505168914795
3.5173561573028564
3.517195463180542
3.50803542137146
3.5075104236602783
3.507833957672119
3.508098602294922
3.507662057876587
3.5320048332214355
3.532419204711914
3.517699718475342
3.531606674194336
nan
3.5023550987243652
3.5026931762695312
3.50243878364563
3.502091884613037
3.502577781677246
3.5516276359558105
3.5517969131469727
3.5501484870910645
3.5514719486236572
3.5499987602233887
3.509218454360962
3.5085034370422363
3.510190486907959
3.510481119155884
3.51035213470459
3.529681921005249
3.530165672302246
nan
3.529515027999878
nan
3.5253140926361084
3.516700029373169
3.5253007411956787
3.525097608566284
3.526202440261841
3.5072968006134033
3.504089117050171
3.503908157348633
3.5032389163970947
3.5033531188964844
3.5188565254211426
3.5191421508789062
3.51928973197937
nan
3.520151138305664
nan
3.5020065307617188
3.5023412704467773
3.5025641918182373
3.5022315979003906
3.522845983505249
nan
3.5224785804748535
3.5222253799438477
3.521725654602051
3.527306318283081
3.517204999923706
3.5174179077148438
3.5170915126800537
3.5173590183258057
3.5056731700897217
3.5030362606048584
3.5054938793182373
3.5047900676727295
3.504554271697998
3.5033388137817383
3.5015335083007812
3.501317024230957
3.500606060028076
3.500220775604248
3.5104942321777344
3.509288787841797
3.5093815326690674
3.5070481300354004
3.5067522525787354
3.506486415863037
3.5041215419769287
3.5052762031555176
3.5050864219665527
3.5045857429504395
3.5009045600891113
3.5005764961242676
3.4999396800994873
3.499455690383911
3.4988584518432617
3.5124027729034424
3.512176036834717
3.5116050243377686
3.5107221603393555
3.510319471359253
3.5061047077178955
3.505286455154419
3.504586935043335
3.50415301322937
3.5038492679595947
3.493715763092041
3.493295192718506
3.493110179901123
3.4922707080841064
3.491762161254883
3.496105670928955
3.495351552963257
3.4953482151031494
3.4932034015655518
3.4999423027038574
3.4896981716156006
3.489295482635498
3.4891839027404785
3.4886362552642822
3.488456964492798
3.5036752223968506
3.5028932094573975
3.502392530441284
3.5056633949279785
3.504633903503418
3.511559247970581
3.5102317333221436
3.5101990699768066
nan
3.509418249130249
nan
3.494992733001709
nan
3.4944748878479004
nan
3.498953342437744
nan
3.4986534118652344
nan
3.498974084854126
nan
3.4920883178710938
3.489372730255127
3.491715669631958
3.4873974323272705
3.4957921504974365
3.4978227615356445
3.495346784591675
nan
3.496220827102661
3.4847328662872314
3.4880542755126953
3.4883625507354736
3.4889626502990723
3.489619731903076
3.4864394664764404
3.4888439178466797
3.490549087524414
3.4916281700134277
3.492161273956299
3.486891746520996
3.487653970718384
3.4878315925598145
3.48858904838562
3.4889869689941406
3.491738796234131
3.491201162338257
3.492133855819702
3.4920547008514404
3.4921441078186035
3.5204930305480957
3.5217840671539307
3.5207679271698
3.52077579498291
3.5206005573272705
3.4896085262298584
3.4900341033935547
3.489704132080078
3.489974021911621
3.490297317504883
3.4922573566436768
3.4919793605804443
3.4919638633728027
3.491976737976074
3.4912056922912598
3.518399715423584
3.518728733062744
3.518078565597534
3.5181427001953125
3.5178070068359375
3.5041470527648926
3.5045242309570312
3.504195213317871
3.503880262374878
3.503729820251465
3.4988632202148438
3.499110221862793
3.498894453048706
3.498324155807495
3.4981749057769775
3.4947264194488525
3.4945785999298096
3.4942357540130615
3.4937570095062256
3.4932327270507812
3.4911773204803467
3.4907963275909424
3.490009069442749
3.489109754562378
3.487677812576294
3.490809679031372
3.4898176193237305
3.4887239933013916
3.488351821899414
3.4876396656036377
3.4782474040985107
3.477607250213623
3.477285385131836
3.4772186279296875
3.4770114421844482
3.4861741065979004
3.4860427379608154
3.485628128051758
3.485198497772217
3.4851417541503906
3.471680164337158
3.4711530208587646
3.4707345962524414
3.4704604148864746
3.4699723720550537
3.4863297939300537
3.4854698181152344
3.4853971004486084
3.4848735332489014
3.484917402267456
3.4731831550598145
3.4730138778686523
3.473129987716675
3.472921133041382
3.47241473197937
3.472848653793335
3.4726481437683105
3.4723029136657715
3.471745491027832
3.4716649055480957
3.4819140434265137
3.4814178943634033
3.4819600582122803
3.4812798500061035
3.480865716934204
3.489906072616577
3.4897165298461914
3.489658832550049
3.4886486530303955
3.4887492656707764
3.4807040691375732
3.4808783531188965
3.499638557434082
3.4803426265716553
3.4797356128692627
3.47890567779541
3.4788973331451416
3.4783148765563965
3.478175163269043
3.4784834384918213
3.483421802520752
3.483985662460327
3.4840993881225586
3.4833312034606934
3.484849452972412
3.4784462451934814
3.4780056476593018
3.4774270057678223
3.477896213531494
3.4779608249664307
3.4781060218811035
3.478297472000122
3.4779341220855713
3.477602243423462
3.477571487426758
3.4567172527313232
3.456573247909546
3.455688714981079
3.4560325145721436
3.4562857151031494
3.4662604331970215
3.4660019874572754
3.4659950733184814
3.4656894207000732
3.465785503387451
3.4551644325256348
3.454756736755371
3.4551401138305664
3.454516649246216
3.4545629024505615
3.4680681228637695
3.4677932262420654
3.4677939414978027
3.467092275619507
3.4669179916381836
3.4798948764801025
3.4795243740081787
3.479740858078003
3.4788765907287598
3.479127883911133
3.4511804580688477
3.4511218070983887
3.450831413269043
3.450634479522705
3.450758218765259
3.460297107696533
3.459778308868408
3.4597346782684326
3.4597902297973633
3.4593794345855713
3.4578614234924316
3.4577269554138184
3.4578933715820312
3.4576711654663086
3.4571454524993896
3.4670569896698
3.467108964920044
3.4673197269439697
3.466179847717285
3.466783046722412
3.4534239768981934
3.4534342288970947
3.4531021118164062
3.453188896179199
3.4528918266296387
3.464228868484497
3.4640188217163086
3.4620492458343506
3.4634382724761963
3.462904930114746
3.452350616455078
3.4525701999664307
3.452188014984131
3.4522814750671387
3.451962947845459
3.4569432735443115
3.4566991329193115
3.456322431564331
3.4562017917633057
3.4556357860565186
3.450566530227661
3.450348138809204
3.4502241611480713
3.4502792358398438
3.450120210647583
3.4731245040893555
3.4732673168182373
3.4723403453826904
3.4730656147003174
3.4733550548553467
3.4608285427093506
3.4610936641693115
3.4604811668395996
3.460601568222046
3.4604058265686035
3.465301752090454
3.4655861854553223
3.465517044067383
3.4647200107574463
3.464439630508423
3.4613888263702393
3.461350917816162
3.459899425506592
3.4610445499420166
3.459839344024658
3.4409196376800537
3.4405293464660645
3.440828561782837
3.440235137939453
3.4405086040496826
3.4774935245513916
3.476771116256714
3.4766721725463867
3.4769721031188965
3.4762680530548096
3.440629243850708
3.4404921531677246
3.440412759780884
3.4401395320892334
3.439857244491577
3.450415849685669
3.451636552810669
3.4506568908691406
3.4510233402252197
3.4511451721191406
3.4541118144989014
3.4547572135925293
3.454230546951294
3.454177141189575
3.454073667526245
3.4494569301605225
3.4492905139923096
3.4488871097564697
3.448648691177368
3.448641061782837
3.4346890449523926
3.4344539642333984
3.4340591430664062
3.4343574047088623
3.43392276763916
3.4358720779418945
3.435610055923462
3.4356777667999268
3.4353792667388916
3.4351654052734375
3.4289543628692627
3.4285049438476562
3.428819417953491
3.4284636974334717
3.4288597106933594
3.455806255340576
3.4563474655151367
3.455322265625
3.4557433128356934
3.456125259399414
3.4501028060913086
3.4494001865386963
3.449862003326416
3.449451208114624
3.4496567249298096
3.449826955795288
3.449552297592163
3.449519157409668
3.449371576309204
3.4488396644592285
3.4517314434051514
3.4513700008392334
3.4510810375213623
3.451310873031616
3.4509942531585693
3.4533402919769287
3.453669548034668
3.453310966491699
3.4530107975006104
3.453052282333374
3.4514970779418945
3.451554536819458
3.4515790939331055
3.4512805938720703
3.451636791229248
3.457932949066162
3.4581704139709473
3.4579648971557617
3.457423686981201
3.4573891162872314
3.427605628967285
3.427255630493164
3.4274215698242188
3.426985263824463
3.426513910293579
3.4293575286865234
3.4291892051696777
3.4291346073150635
3.428591251373291
3.4283981323242188
3.433342456817627
3.4332196712493896
3.433340549468994
3.4328246116638184
3.43284010887146
3.461461067199707
3.4613351821899414
3.4612503051757812
3.4611637592315674
3.4607365131378174
3.4348561763763428
3.4343719482421875
3.4345316886901855
3.434161901473999
3.433548927307129
3.4247219562530518
3.424164295196533
3.4245986938476562
3.4240262508392334
3.42409610748291
3.4261515140533447
3.425933837890625
3.425581932067871
3.4256927967071533
3.4252917766571045
3.44816517829895
3.448324680328369
3.4474122524261475
3.447453022003174
3.447817087173462
3.446251153945923
3.446148633956909
3.445603847503662
3.445139169692993
3.4430503845214844
3.418121099472046
3.417680263519287
3.4176642894744873
3.4177653789520264
3.417489528656006
3.4270787239074707
3.4271352291107178
3.426908254623413
3.4268462657928467
3.42653489112854
3.440155029296875
3.4398770332336426
3.439319610595703
3.439014434814453
3.438551187515259
3.430180788040161
3.43015456199646
3.430241107940674
3.4298958778381348
3.4301187992095947
3.4142019748687744
3.413712978363037
3.413482189178467
3.4128174781799316
3.4133975505828857
3.4394025802612305
3.439692497253418
3.4393320083618164
3.439012289047241
3.439150333404541
3.4250409603118896
3.42510986328125
3.4245293140411377
3.424452304840088
3.423956871032715
3.4240918159484863
3.424043655395508
3.4239184856414795
3.423373222351074
3.423625946044922
3.4151408672332764
3.414827346801758
3.414869546890259
3.4145209789276123
3.4142367839813232
3.424732208251953
3.423100471496582
3.4239768981933594
3.423438549041748
3.4229893684387207
3.429079055786133
3.428982734680176
3.428964614868164
3.428898572921753
3.4295833110809326
3.4296071529388428
3.4294095039367676
3.4290812015533447
3.428899049758911
3.4289093017578125
3.4519591331481934
3.4513087272644043
3.4512946605682373
3.4515669345855713
3.451451301574707
3.4233810901641846
3.4232065677642822
3.422724962234497
3.4233460426330566
3.4228262901306152
3.4544448852539062
3.453907012939453
3.454394578933716
3.4532313346862793
3.4530508518218994
3.4127750396728516
3.4126174449920654
3.4118149280548096
3.41261887550354
3.4125046730041504
3.428867816925049
3.429180145263672
3.428767442703247
3.4287893772125244
3.4285950660705566
3.4259088039398193
3.4257218837738037
3.4254918098449707
3.42586612701416
3.425262689590454
3.4204442501068115
3.42006254196167
3.420283317565918
3.4196672439575195
3.419924259185791
3.4092822074890137
3.408658027648926
3.408250093460083
3.4081521034240723
3.4079532623291016
3.4177136421203613
3.417130947113037
3.417031764984131
3.4170305728912354
3.416924476623535
3.4123148918151855
3.411736011505127
3.411590337753296
3.411298990249634
3.412614345550537
3.426586866378784
3.427354097366333
3.4262900352478027
3.426832675933838
3.426074981689453
3.411811590194702
3.415891408920288
3.416177272796631
3.41586971282959
3.4156081676483154
3.417609930038452
3.417320966720581
3.417415142059326
3.4168922901153564
3.4170455932617188
3.410726308822632
3.4113306999206543
3.411653518676758
3.41109299659729
3.4115686416625977
3.418982982635498
3.4187042713165283
3.417205810546875
3.417071580886841
3.416010856628418
3.4105722904205322
3.411245107650757
3.4113917350769043
3.4109365940093994
3.4109246730804443
3.419754981994629
3.4196033477783203
3.419423818588257
3.4190571308135986
3.4188430309295654
3.411271810531616
3.4122955799102783
3.411202907562256
3.412172317504883
3.41091251373291
3.411560297012329
3.4109668731689453
3.4112212657928467
3.4106061458587646
3.4106972217559814
3.421156167984009
3.4208459854125977
3.4201455116271973
3.4206204414367676
3.4204585552215576
3.3951478004455566
3.3947417736053467
3.394697666168213
3.3946478366851807
3.3948378562927246
3.3980178833007812
3.398080587387085
3.3979122638702393
3.398216485977173
3.397791624069214
3.4307353496551514
3.431046485900879
3.4307892322540283
3.4308230876922607
3.4305100440979004
3.414745330810547
3.4147071838378906
3.4140913486480713
3.414318084716797
3.414111614227295
3.3972463607788086
3.3957154750823975
3.396165370941162
3.396430492401123
3.3960206508636475
3.394740104675293
3.3953745365142822
3.39518404006958
3.3952956199645996
3.39570689201355
3.4113411903381348
3.4112181663513184
3.411557912826538
3.4102747440338135
3.4109811782836914
3.4065611362457275
3.406005382537842
3.406651735305786
3.4062466621398926
3.405946731567383
3.410111665725708
3.410670518875122
3.4104061126708984
3.4108235836029053
3.4106557369232178
3.405477523803711
3.4052481651306152
3.405273199081421
3.4047911167144775
3.405303716659546
3.403073310852051
3.402583599090576
3.4027647972106934
3.4025766849517822
3.4024839401245117
3.418168067932129
3.4172654151916504
3.417308807373047
3.416853666305542
3.416773557662964
3.402411460876465
3.4024879932403564
3.4024887084960938
3.4022367000579834
3.402395486831665
3.401339292526245
3.4011411666870117
3.4009461402893066
3.4006266593933105
3.400881767272949
3.4048843383789062
3.405123472213745
3.4050114154815674
3.4046664237976074
3.4047751426696777
3.401554584503174
3.401754140853882
3.4015676975250244
3.400636911392212
3.400393486022949
3.4289650917053223
3.4284186363220215
3.4283933639526367
3.4274322986602783
3.4264984130859375
3.4061591625213623
3.406034469604492
3.4059717655181885
3.405329942703247
3.4054954051971436
3.4048757553100586
3.403913974761963
3.404635190963745
3.404374837875366
3.404642105102539
3.414608955383301
3.4156463146209717
3.415273427963257
3.415059804916382
3.414426803588867
3.407188653945923
3.407050132751465
3.4065515995025635
3.406970262527466
3.4069414138793945
3.4050540924072266
3.4037868976593018
3.4051783084869385
3.4041900634765625
3.4043235778808594
3.3988454341888428
3.3987326622009277
3.3991007804870605
3.399003028869629
3.3981611728668213
3.405467987060547
3.40523624420166
3.4053714275360107
3.4048562049865723
3.404858350753784
3.4073503017425537
3.406618595123291
3.407053232192993
3.4064931869506836
3.407383918762207
3.4094932079315186
3.4087533950805664
3.409409999847412
3.4087648391723633
3.4089913368225098
3.393547773361206
3.3937489986419678
3.3937792778015137
3.393228054046631
3.3937466144561768
3.403080701828003
3.4028749465942383
3.40319561958313
3.40275239944458
3.402024030685425
3.419517993927002
3.4184510707855225
3.4187183380126953
3.4115474224090576
3.4162492752075195
3.383157730102539
3.383091926574707
3.383009672164917
3.3829903602600098
3.3826422691345215
3.379737138748169
3.3798725605010986
3.379833459854126
3.3797008991241455
3.3800852298736572
3.39567494392395
3.395595073699951
3.3959765434265137
3.39593243598938
3.395892858505249
3.409198045730591
3.409025192260742
3.4092204570770264
3.4093713760375977
3.409273386001587
3.3983538150787354
3.398409605026245
3.397263288497925
3.398219585418701
3.3972549438476562
3.393007278442383
3.393984317779541
3.3928561210632324
3.3925576210021973
3.392517328262329
3.389923572540283
3.389599323272705
3.389411211013794
3.3891611099243164
3.389213800430298
3.3983376026153564
3.3979945182800293
3.397855758666992
3.397552728652954
3.3979015350341797
3.3907277584075928
3.390550136566162
3.390523910522461
3.3903298377990723
3.3906447887420654
3.388479232788086
3.3881633281707764
3.3879852294921875
3.3877615928649902
3.3884787559509277
3.3794004917144775
3.379122495651245
3.378744125366211
3.3786814212799072
3.3789796829223633
3.3971688747406006
3.3973734378814697
3.3964195251464844
3.396376609802246
3.3960280418395996
3.3928234577178955
3.39289927482605
3.3924741744995117
3.3924477100372314
3.392176628112793
3.3682467937469482
3.3682174682617188
3.368224859237671
3.367872714996338
3.367560386657715
3.398937225341797
3.399031400680542
3.399094343185425
3.398573398590088
3.3985767364501953
3.382786989212036
3.3824570178985596
3.3826675415039062
3.3823165893554688
3.382460594177246
3.382389545440674
3.3827438354492188
3.382094144821167
3.382110118865967
3.3819804191589355
3.3733956813812256
3.3732497692108154
3.373067855834961
3.3737189769744873
3.3730268478393555
3.3831613063812256
3.3831372261047363
3.3836848735809326
3.383481025695801
3.3834774494171143
3.401195526123047
3.4011361598968506
3.40094256401062
3.400845527648926
3.4012930393218994
3.3924872875213623
3.392788887023926
3.3928444385528564
3.392733335494995
3.3930246829986572
3.389547348022461
3.389418601989746
3.389582395553589
3.3903326988220215
3.3894670009613037
3.3830361366271973
3.382749557495117
3.382719039916992
3.3824799060821533
3.382298707962036
3.3981282711029053
3.397085666656494
3.397736072540283
3.397007703781128
3.3976941108703613
3.3872787952423096
3.386462926864624
3.3865182399749756
3.3863961696624756
3.3875279426574707
3.4026854038238525
3.401796579360962
3.401474714279175
3.4014065265655518
3.4009556770324707
3.3748414516448975
3.375347137451172
3.375098943710327
3.374764919281006
3.3744046688079834
3.384371280670166
3.384722948074341
3.3841073513031006
3.3840835094451904
3.384567975997925
3.3588900566101074
3.3586816787719727
3.358761787414551
3.358670949935913
3.3582465648651123
3.3812525272369385
3.380455732345581
3.3794713020324707
3.3796215057373047
3.3792285919189453
3.393339157104492
3.393308401107788
3.3930892944335938
3.393094062805176
3.3925678730010986
3.3894715309143066
3.3895673751831055
3.389538288116455
3.3897228240966797
3.3892321586608887
3.3819832801818848
3.38262677192688
3.3812599182128906
3.3814408779144287
3.381500482559204
3.3818085193634033
3.3821139335632324
3.3820083141326904
3.381530284881592
3.3815581798553467
3.380542516708374
3.3802366256713867
3.3806369304656982
3.379854202270508
3.379701614379883
3.3864941596984863
3.3863823413848877
3.386380672454834
3.3862528800964355
3.386469602584839
3.3767895698547363
3.3767216205596924
3.376448392868042
3.3759353160858154
3.375863790512085
3.390516519546509
3.3903770446777344
3.3902738094329834
3.390181541442871
3.3876655101776123
3.401392698287964
3.398758888244629
3.398118734359741
3.397151470184326
3.394986391067505
3.3666443824768066
3.366790771484375
3.3665575981140137
3.366849660873413
3.3671936988830566
3.380415201187134
3.3805079460144043
3.380469799041748
3.380634069442749
3.380321502685547
3.3691015243530273
3.3690364360809326
3.3690297603607178
3.368769407272339
3.3683109283447266
3.387921094894409
3.388206958770752
3.38791561126709
3.387826442718506
3.3878655433654785
3.3822782039642334
3.3823537826538086
3.382138967514038
3.3818564414978027
3.38135027885437
3.389281749725342
3.388593912124634
3.3876395225524902
3.3887836933135986
3.388640880584717
3.374948263168335
3.3754913806915283
3.375063419342041
3.3753106594085693
3.37516450881958
3.39197039604187
3.3919358253479004
3.3917288780212402
3.39123272895813
3.3915815353393555
3.3682470321655273
3.3686459064483643
3.368259906768799
3.3685760498046875
3.368622303009033
3.369401216506958
3.3693788051605225
3.369154214859009
3.3690595626831055
3.3687784671783447
3.385740041732788
3.3853600025177
3.3852367401123047
3.38531756401062
3.3850619792938232
3.3802099227905273
3.3802356719970703
3.37973690032959
3.3800570964813232
3.3799033164978027
3.3846499919891357
3.3845646381378174
3.3840153217315674
3.3842661380767822
3.3841171264648438
3.379180669784546
3.3788957595825195
3.3790948390960693
3.3787617683410645
3.379167318344116
3.37062931060791
3.37095308303833
3.3708817958831787
3.3705408573150635
3.3700051307678223
3.3875362873077393
3.3870339393615723
3.3880999088287354
3.3869218826293945
3.3867383003234863
3.390495538711548
3.389763116836548
3.3897504806518555
3.389615774154663
3.389249801635742
3.3688926696777344
3.3687174320220947
3.368490219116211
3.3683974742889404
3.3680012226104736
3.3652360439300537
3.3648884296417236
3.3647608757019043
3.3646295070648193
3.3644211292266846
3.378385543823242
3.3780040740966797
3.378490924835205
3.3774380683898926
3.3780429363250732
3.372324228286743
3.372194766998291
3.371973752975464
3.3719277381896973
3.3724722862243652
3.3973491191864014
3.393871307373047
3.389139175415039
3.387857675552368
3.3869667053222656
3.381554365158081
3.381054401397705
3.3812835216522217
3.381087303161621
3.3816885948181152
3.3736612796783447
3.373570680618286
3.373379707336426
3.3733010292053223
3.372878313064575
3.3899571895599365
3.389845609664917
3.389953851699829
3.389519691467285
3.3894197940826416
3.374859571456909
3.3748931884765625
3.374601364135742
3.3746790885925293
3.3741753101348877
3.383387327194214
3.3832733631134033
3.3834283351898193
3.383226156234741
3.3832850456237793
3.363152027130127
3.3626224994659424
3.3624331951141357
3.362480640411377
3.3624446392059326
3.395378351211548
3.3948557376861572
3.3948962688446045
3.3950891494750977
3.3947701454162598
3.3873507976531982
3.3871359825134277
3.387455940246582
3.3876571655273438
3.3868918418884277
3.367514133453369
3.36676287651062
3.3665032386779785
3.3667619228363037
3.3667333126068115
3.373784303665161
3.373831033706665
3.3734138011932373
3.373272657394409
3.373779535293579
3.376077651977539
3.3758795261383057
3.3761537075042725
3.376020908355713
3.375779151916504
3.372838020324707
3.3727853298187256
3.3726553916931152
3.372528314590454
3.3719804286956787
3.3533880710601807
3.3534469604492188
3.353152275085449
3.3534135818481445
3.3532004356384277
3.38008975982666
3.380068778991699
3.3806304931640625
3.380392551422119
3.3804473876953125
3.3716320991516113
3.371530771255493
3.371593713760376
3.371565818786621
3.370943784713745
3.3733627796173096
3.372527599334717
3.373137950897217
3.3714237213134766
3.3718793392181396
3.3682570457458496
3.3675670623779297
3.3679778575897217
3.3675992488861084
3.3675405979156494
3.370918035507202
3.370715618133545
3.3708269596099854
3.3703038692474365
3.370309829711914
3.371027708053589
3.370954751968384
3.3710148334503174
3.370685338973999
3.37060809135437
3.3836557865142822
3.3843204975128174
3.3850200176239014
3.3839409351348877
3.383408784866333
3.363116979598999
3.362807512283325
3.3627943992614746
3.3624420166015625
3.3629956245422363
3.353301763534546
3.352781295776367
3.3530540466308594
3.3531041145324707
3.353044271469116
3.353888511657715
3.3538308143615723
3.3533213138580322
3.3537697792053223
3.3537633419036865
3.3732283115386963
3.373565912246704
3.3734912872314453
3.3741707801818848
3.3737525939941406
3.365387201309204
3.366560459136963
nan
3.3666908740997314
3.366960048675537
3.354320764541626
3.3546016216278076
3.3543248176574707
3.3545639514923096
3.354189157485962
3.384049415588379
3.383941650390625
3.3834969997406006
3.3832123279571533
3.3831839561462402
3.3638174533843994
3.3642795085906982
3.3642568588256836
3.3641035556793213
3.364192247390747
3.358511447906494
3.3585245609283447
3.3584980964660645
3.3583006858825684
3.3582544326782227
3.3644368648529053
3.3641772270202637
3.3644564151763916
3.3642308712005615
3.3643524646759033
3.3541955947875977
3.35392427444458
3.354104518890381
3.3539090156555176
3.3539302349090576
3.381659507751465
3.381528377532959
3.382349967956543
3.380760431289673
3.3814079761505127
3.3859174251556396
3.3854434490203857
3.3862321376800537
3.3857510089874268
3.385767936706543
3.3579583168029785
3.358375310897827
3.357612133026123
3.3579366207122803
3.358684778213501
3.3668160438537598
3.3664729595184326
3.3662586212158203
3.366060972213745
3.3657801151275635
3.3457250595092773
3.3457093238830566
3.3454508781433105
3.3454349040985107
3.345486879348755
3.3778011798858643
3.378098726272583
3.3776073455810547
3.379401206970215
3.3772668838500977
3.3731343746185303
3.372575044631958
3.372675657272339
3.372121572494507
3.3720765113830566
3.3761441707611084
3.3759708404541016
3.3765361309051514
3.3753504753112793
3.3757433891296387
3.356795310974121
3.357210636138916
3.357935905456543
3.357668876647949
3.357417106628418
3.3978054523468018
3.396209478378296
3.3971893787384033
3.3971898555755615
3.39505672454834
3.3539772033691406
3.3535327911376953
3.3530633449554443
3.3533596992492676
3.353013753890991
3.3611059188842773
3.3611600399017334
3.360822916030884
3.361219882965088
3.3607304096221924
3.3675482273101807
3.368164300918579
3.3673384189605713
3.3677613735198975
3.3666934967041016
3.3709046840667725
3.3713560104370117
3.3715672492980957
3.370857000350952
3.3710782527923584
3.35098934173584
3.3505918979644775
3.3509790897369385
3.3507628440856934
3.3503828048706055
3.368682861328125
3.3682126998901367
3.3679394721984863
3.368988275527954
3.368013381958008
3.3475987911224365
3.3512685298919678
nan
3.351602077484131
3.351545572280884
3.3606975078582764
3.3602030277252197
3.3607447147369385
3.3600478172302246
3.361131191253662
3.359834909439087
3.361065149307251
3.36124587059021
3.3606603145599365
3.3598058223724365
3.3598830699920654
3.3595104217529297
3.3597989082336426
3.3596088886260986
3.3596465587615967
3.3486948013305664
3.348393678665161
3.34838604927063
3.3483822345733643
3.3479206562042236
3.3536953926086426
3.353532314300537
3.3537611961364746
3.353792905807495
3.353544235229492
3.373222589492798
3.372997522354126
3.3731870651245117
3.3727588653564453
3.3726487159729004
3.354212760925293
3.353853225708008
3.3530235290527344
3.3537449836730957
3.353980541229248
3.361478567123413
3.3613717555999756
3.361497163772583
3.3609676361083984
3.3609893321990967
3.350579023361206
3.350372791290283
3.3505213260650635
3.3505616188049316
3.350355386734009
3.3755340576171875
3.375483274459839
3.376206874847412
3.376098871231079
3.3756556510925293
3.359759569168091
3.3594472408294678
3.3595287799835205
3.3589813709259033
3.359269857406616
3.3554646968841553
3.355435371398926
3.355424404144287
3.355057954788208
3.3546457290649414
3.3491404056549072
3.349496364593506
3.3496458530426025
3.3493566513061523
3.3495867252349854
3.3495900630950928
3.3499505519866943
3.349672317504883
3.3492629528045654
3.3493263721466064
3.359017848968506
3.3591270446777344
3.3588626384735107
3.3591277599334717
3.3589916229248047
3.368417501449585
3.369318962097168
3.3677146434783936
3.3684639930725098
3.368619203567505
3.3572587966918945
3.357095956802368
3.3568496704101562
3.356710195541382
3.356691360473633
3.3667876720428467
3.367553234100342
3.366744041442871
3.3669779300689697
3.365247964859009
3.342928171157837
3.3426904678344727
3.342780828475952
3.3430373668670654
3.342911958694458
3.3781211376190186
3.3795487880706787
3.378685474395752
3.378570079803467
3.379328727722168
3.3582324981689453
3.3574166297912598
3.3582253456115723
3.3582162857055664
3.358294725418091
3.353879451751709
3.3544976711273193
3.3542912006378174
3.353971242904663
3.354841947555542
3.3675482273101807
3.3672215938568115
3.3672749996185303
3.367616891860962
3.3671116828918457
3.3636648654937744
3.36329984664917
3.363776445388794
3.3639352321624756
3.363267183303833
3.3573176860809326
3.356372594833374
3.3436455726623535
3.35495924949646
nan
3.386218547821045
nan
3.3858845233917236
nan
3.3885316848754883
nan
3.3374669551849365
nan
3.337632656097412
3.3480570316314697
3.3671226501464844
nan
3.3666069507598877
nan
3.3671412467956543
nan
3.3586738109588623
nan
3.3584225177764893
nan
3.354069471359253
nan
3.3537986278533936
nan
3.354114294052124
nan
3.363616466522217
nan
3.364201068878174
nan
3.3543965816497803
nan
3.354463815689087
nan
3.3543713092803955
nan
3.3596203327178955
nan
3.3597145080566406
nan
3.338916301727295
3.335482120513916
3.3394088745117188
3.333408832550049
3.3389675617218018
3.360020637512207
3.362374782562256
nan
3.362422227859497
nan
3.3639755249023438
nan
3.3639159202575684
nan
3.363790512084961
nan
3.3682479858398438
nan
3.3673715591430664
nan
3.362750291824341
nan
3.362622022628784
nan
3.3624422550201416
nan
3.337311267852783
3.3312768936157227
3.336960554122925
3.3368797302246094
3.3545947074890137
nan
3.354886293411255
nan
3.3549082279205322
nan
3.3639285564422607
nan
3.3642585277557373
nan
3.366955280303955
nan
3.367210865020752
nan
3.36712384223938
nan
3.365882158279419
nan
3.3657472133636475
nan
3.38177490234375
3.381965398788452
3.380683422088623
3.341348886489868
3.3803985118865967
nan
3.368819236755371
nan
3.3608548641204834
nan
3.368056297302246
nan
3.3679213523864746
nan
3.3688786029815674
nan
3.3653039932250977
nan
3.3656671047210693
nan
3.3594424724578857
nan
3.35897159576416
nan
3.3592464923858643
3.331561803817749
3.3373570442199707
3.3200879096984863
3.3383193016052246
nan
3.355114221572876
nan
3.357252597808838
nan
3.362816572189331
nan
3.396791934967041
nan
3.401498556137085
nan
3.3988072872161865
nan
3.396021842956543
nan
3.3929457664489746
nan
3.3871848583221436
nan
3.384927988052368
nan
3.3748979568481445
nan
3.3749516010284424
nan
3.3751370906829834
nan
3.3945424556732178
nan
3.3947999477386475
nan
3.3881967067718506
nan
3.3873608112335205
nan
3.387279748916626
nan
3.372562885284424
nan
3.3723878860473633
nan
3.3667490482330322
nan
3.366468667984009
nan
3.3667635917663574
nan
3.382504940032959
nan
3.3823184967041016
nan
3.357825756072998
3.3563857078552246
3.358013391494751
nan
3.358258008956909
3.3567821979522705
3.3638558387756348
nan
3.3647890090942383
nan
3.3543076515197754
nan
3.3608205318450928
3.359884738922119
3.3649330139160156
3.3772172927856445
3.3797967433929443
3.379453420639038
3.380679130554199
nan
3.383140802383423
nan
3.3807828426361084
3.3803598880767822
3.379033088684082
3.375541925430298
3.376056432723999
nan
3.376486301422119
nan
3.359041452407837
nan
3.359388589859009
3.3590452671051025
3.3597867488861084
3.3868584632873535
3.3860766887664795
nan
3.386594533920288
nan
3.3792827129364014
nan
3.3798904418945312
nan
3.380540609359741
nan
3.3734734058380127
nan
3.3741259574890137
nan
3.3839569091796875
nan
3.383753776550293
nan
3.3839292526245117
nan
3.3973629474639893
nan
3.396855115890503
nan
3.394155263900757
nan
3.3938345909118652
nan
3.394035816192627
nan
3.369046449661255
nan
3.3691558837890625
nan
3.4176244735717773
nan
3.417105197906494
nan
3.416541576385498
nan
3.3935773372650146
nan
3.3929853439331055
nan
3.3825740814208984
nan
3.3820300102233887
nan
3.38207745552063
nan
3.3782460689544678
nan
3.3781344890594482
nan
3.3845505714416504
nan
3.384211778640747
nan
3.383549451828003
nan
3.3938822746276855
nan
3.3937127590179443
nan
3.3902435302734375
nan
3.3899855613708496
nan
3.3896589279174805
nan
3.3913562297821045
nan
3.39091157913208
nan
3.383075714111328
nan
3.3824594020843506
nan
3.382254123687744
nan
3.3703784942626953
nan
3.370302677154541
nan
3.3829879760742188
nan
3.3832192420959473
nan
3.383208990097046
nan
3.392789125442505
nan
3.393094778060913
nan
3.367579221725464
nan
3.3672866821289062
nan
3.367331027984619
nan
3.366295337677002
nan
3.3663511276245117
nan
3.408759355545044
nan
3.408816337585449
nan
3.4091074466705322
nan
3.3834354877471924
nan
3.3839187622070312
nan
3.3651976585388184
nan
3.365020513534546
nan
3.3650436401367188
nan
3.362704277038574
nan
3.361999273300171
nan
3.373856544494629
nan
3.373751640319824
nan
3.373572826385498
nan
3.3648054599761963
nan
3.3650949001312256
nan
3.3879997730255127
nan
3.387880325317383
nan
3.3873674869537354
nan
3.3778486251831055
nan
3.3782432079315186
nan
3.3839011192321777
nan
3.3838703632354736
nan
3.383957624435425
nan
3.37505841255188
nan
3.374595880508423
3.374415159225464
3.387923002243042
3.391793966293335
3.3883209228515625
nan
3.3886168003082275
nan
3.3732876777648926
3.375333786010742
3.3785524368286133
nan
3.3907957077026367
nan
3.3911526203155518
nan
3.3922295570373535
nan
3.4115583896636963
nan
3.4085137844085693
3.405552864074707
3.369489908218384
nan
3.367124557495117
nan
3.367677688598633
3.374941825866699
3.3695333003997803
3.3685388565063477
3.3691630363464355
3.369443655014038
3.3682942390441895
3.36795973777771
3.368562936782837
3.368947744369507
3.3692662715911865
nan
3.385446548461914
nan
3.3847763538360596
nan
3.3905107975006104
nan
3.390193223953247
nan
3.390401840209961
nan
3.3676962852478027
3.370440721511841
3.3689684867858887
3.369598388671875
3.3730337619781494
3.3717727661132812
3.373303174972534
3.3774075508117676
3.373913049697876
nan
3.384169816970825
nan
3.384148597717285
nan
3.3767576217651367
nan
3.3767640590667725
nan
3.3768882751464844
nan
3.3825747966766357
3.3779296875
3.3831591606140137
3.3805954456329346
3.368157148361206
3.3693859577178955
3.3672008514404297
3.3679823875427246
3.36599063873291
3.3909974098205566
3.391340732574463
3.3936851024627686
3.3856143951416016
nan
3.3777194023132324
3.3739140033721924
3.3769030570983887
3.3779220581054688
3.3779025077819824
3.367283344268799
3.3698019981384277
nan
3.370532274246216
nan
3.391310930252075
nan
3.3917062282562256
nan
3.3914365768432617
nan
3.3602874279022217
3.361215829849243
3.3598501682281494
3.3595590591430664
3.376002550125122
3.3761305809020996
3.3762733936309814
3.3765711784362793
3.375800132751465
3.3626065254211426
3.3623247146606445
3.362055540084839
3.361772298812866
3.36173677444458
3.37190842628479
3.3720712661743164
3.3723297119140625
3.371774196624756
3.3716471195220947
3.3590688705444336
3.35864520072937
3.358825206756592
3.358410358428955
3.358116388320923
3.3885297775268555
3.388605833053589
3.3891196250915527
3.3883538246154785
3.3883626461029053
3.3710832595825195
3.370623826980591
3.370973587036133
3.370872974395752
3.370659589767456
3.3602964878082275
3.359740972518921
3.3597402572631836
3.359426259994507
3.3590879440307617
3.37640118598938
3.375889539718628
3.3754327297210693
3.375149965286255
3.3750784397125244
3.378513813018799
3.3785507678985596
3.3782596588134766
3.378011465072632
3.3777577877044678
3.36405348777771
3.3634819984436035
3.363419532775879
3.3634283542633057
3.3631608486175537
3.386174201965332
3.385769844055176
3.385565757751465
3.385507583618164
3.3850979804992676
3.38031268119812
3.380059003829956
3.38002872467041
3.3800289630889893
3.3796803951263428
3.384293556213379
3.3837807178497314
3.383525848388672
3.384125232696533
3.3836958408355713
3.375688314437866
3.374506950378418
3.3741302490234375
3.3740274906158447
3.374696731567383
3.380272150039673
3.3795928955078125
3.378467321395874
3.378263235092163
3.377776622772217
3.3670971393585205
3.3672330379486084
3.3668766021728516
3.366684913635254
3.366793155670166
3.3670544624328613
3.3660595417022705
3.367103099822998
3.366180896759033
3.3659183979034424
3.3705148696899414
3.3699862957000732
3.3694958686828613
3.369584321975708
3.369741678237915
3.369464159011841
3.3691468238830566
3.36916446685791
3.369652032852173
3.369053840637207
3.3772122859954834
3.37703537940979
3.377102851867676
3.3767166137695312
3.3763537406921387
3.35821533203125
3.358116865158081
3.3580617904663086
3.357421875
3.3578507900238037
3.3568127155303955
3.3571596145629883
3.3565709590911865
3.356774091720581
3.356651782989502
3.3708889484405518
3.370478630065918
3.3703744411468506
3.370504856109619
3.3702728748321533
3.3649771213531494
3.3647587299346924
3.3643012046813965
3.3647854328155518
3.364715814590454
3.3699822425842285
3.3694229125976562
3.3686892986297607
3.3688676357269287
3.3688650131225586
3.3886191844940186
3.3882601261138916
3.3881640434265137
3.3891165256500244
3.387897253036499
3.351059675216675
3.3517634868621826
3.3511128425598145
3.350745916366577
3.350917100906372
3.364544153213501
3.3649961948394775
3.364985704421997
3.3648250102996826
3.364915370941162
3.364098310470581
3.363445281982422
3.364077568054199
3.363248825073242
3.3638057708740234
3.3459248542785645
3.346473455429077
3.345933675765991
3.345972776412964
3.3462934494018555
3.331855297088623
3.331594228744507
3.3315393924713135
3.3315110206604004
3.331714153289795
3.3649792671203613
3.365563154220581
3.3654353618621826
3.365269422531128
3.365302085876465
3.3729631900787354
3.3729796409606934
3.372917652130127
3.3733348846435547
3.3739571571350098
3.3593392372131348
3.359081506729126
3.3594048023223877
3.359057903289795
3.3592371940612793
3.36106014251709
3.360898494720459
3.361579418182373
3.3603227138519287
3.3610167503356934
3.3738088607788086
3.3746814727783203
3.3738744258880615
3.374725818634033
3.3745856285095215
3.3592774868011475
3.3595051765441895
3.3589065074920654
3.358386754989624
3.3576500415802
3.3611204624176025
3.3607447147369385
3.360541820526123
3.360767364501953
3.360729217529297
3.3526458740234375
3.353228807449341
3.3528501987457275
3.3527376651763916
3.352789878845215
3.352069854736328
3.351917028427124
3.351518154144287
3.352112054824829
3.3520028591156006
3.3359901905059814
3.336146116256714
3.3361635208129883
3.3360307216644287
3.3363640308380127
3.3511884212493896
3.3508267402648926
3.3502609729766846
3.3504536151885986
3.350588083267212
3.3578710556030273
3.3580281734466553
3.356978416442871
3.3574557304382324
3.357736825942993
3.3635828495025635
3.3641552925109863
3.364316940307617
3.3635478019714355
3.3633875846862793
3.3655521869659424
3.3677892684936523
3.3668620586395264
3.3655660152435303
3.366164207458496
3.3789966106414795
3.3780555725097656
3.3787288665771484
3.3786094188690186
3.3781933784484863
3.3401973247528076
3.34049391746521
3.3399853706359863
3.339794158935547
3.3397481441497803
3.346381664276123
3.3453314304351807
3.3456435203552246
3.3450725078582764
3.3457629680633545
3.3575518131256104
3.3577160835266113
3.357478380203247
3.357240676879883
3.357571601867676
3.3464810848236084
3.346161127090454
3.3469045162200928
3.34670090675354
3.346148729324341
3.3725099563598633
3.372380256652832
3.372302532196045
3.3719522953033447
3.371793031692505
3.356597423553467
3.357264280319214
3.3581788539886475
3.3583860397338867
3.3577866554260254
3.3602445125579834
3.360905170440674
3.360194206237793
3.3605282306671143
3.3600544929504395
3.3478078842163086
3.3477730751037598
3.3475682735443115
3.347888946533203
3.348151206970215
3.3550453186035156
3.354959487915039
3.35504412651062
3.354875326156616
3.35467267036438
3.3329501152038574
3.332552194595337
3.332787275314331
3.3331470489501953
3.3332018852233887
3.3648698329925537
3.3654303550720215
3.3649027347564697
3.364758253097534
3.365321636199951
3.350961685180664
3.3513176441192627
3.3503808975219727
3.350874185562134
3.3512210845947266
3.365511178970337
3.364849805831909
3.3650710582733154
3.36503005027771
3.3645079135894775
3.341904640197754
3.343991994857788
3.3434503078460693
3.342015027999878
3.3421475887298584
3.3768279552459717
3.376784086227417
3.376295804977417
3.3771891593933105
3.3770182132720947
3.360325336456299
3.360295057296753
3.3607988357543945
3.36049747467041
3.360996723175049
3.3566033840179443
3.3561553955078125
3.356117010116577
3.35658860206604
3.356414794921875
3.3405652046203613
3.340548276901245
3.3403546810150146
3.340186834335327
3.3403637409210205
3.357616662979126
3.3579390048980713
3.357736825942993
3.35724139213562
3.3576667308807373
3.356800079345703
3.35672926902771
3.3572046756744385
3.3565399646759033
3.3565781116485596
3.349601984024048
3.349558115005493
3.348663806915283
3.349715232849121
3.349703550338745
3.33025860786438
3.329775333404541
3.329827070236206
3.3296780586242676
3.3294851779937744
3.3580310344696045
3.3578102588653564
3.357809066772461
3.357980251312256
3.3566665649414062
3.3549599647521973
3.3522706031799316
3.350064754486084
3.3493239879608154
3.3491361141204834
3.357421398162842
3.3576042652130127
3.3575589656829834
3.35660457611084
3.3569469451904297
3.3458032608032227
3.345855474472046
3.3458333015441895
3.3457915782928467
3.345647096633911
3.3384978771209717
3.3383426666259766
3.3379900455474854
3.3380191326141357
3.337968349456787
3.3505210876464844
3.3496479988098145
3.35018253326416
3.3504364490509033
3.35033917427063
3.334146738052368
3.3334708213806152
3.333470344543457
3.3332529067993164
3.3338088989257812
3.3489696979522705
3.3490989208221436
3.349254608154297
3.3492355346679688
3.348933458328247
3.363051176071167
3.3630003929138184
3.362987995147705
3.3629612922668457
3.3626303672790527
3.365064859390259
3.364739179611206
3.3645389080047607
3.3646345138549805
3.364645004272461
3.3602981567382812
3.3603732585906982
3.360323190689087
3.3603243827819824
3.360673189163208
3.328942060470581
3.3292572498321533
3.328704357147217
3.3287014961242676
3.3285675048828125
3.333052635192871
3.332767963409424
3.3329405784606934
3.333197832107544
3.3330588340759277
3.3524014949798584
3.3524529933929443
3.352130651473999
3.3528504371643066
3.3523483276367188
3.335284948348999
3.3354122638702393
3.335366725921631
3.335468292236328
3.3352460861206055
3.337658643722534
3.337998390197754
3.338308334350586
3.3380484580993652
3.3374807834625244
3.337649345397949
3.337449073791504
3.3374977111816406
3.337637186050415
3.33767032623291
3.342898368835449
3.3431236743927
3.3428213596343994
3.3422343730926514
3.3421812057495117
3.3733971118927
3.37050199508667
3.368525743484497
3.3640267848968506
3.3620846271514893
3.345592975616455
3.345829486846924
3.346170663833618
3.346073627471924
3.346158504486084
3.3457818031311035
3.345914840698242
3.3457798957824707
3.3455262184143066
3.3456499576568604
3.3292548656463623
3.3292908668518066
3.329477071762085
3.329296588897705
3.3290560245513916
3.3481125831604004
3.3474249839782715
3.34822940826416
3.3475983142852783
3.3478353023529053
3.3375959396362305
3.33730149269104
3.337704658508301
3.3369367122650146
3.337611198425293
3.358022928237915
3.3587565422058105
3.3593790531158447
3.3583500385284424
3.358259677886963
3.39805006980896
3.398790121078491
3.3982043266296387
3.397557497024536
3.39687180519104
3.3677124977111816
3.3681938648223877
3.3680918216705322
3.367321252822876
3.367297649383545
3.3298115730285645
3.32960844039917
3.3294789791107178
3.329535961151123
3.3296878337860107
3.3468308448791504
3.3467395305633545
3.3468973636627197
3.3465120792388916
3.346780776977539
3.335620880126953
3.3357791900634766
3.3358659744262695
3.3356566429138184
3.33579158782959
3.347156286239624
3.3474667072296143
3.3473243713378906
3.3477485179901123
3.3472721576690674
3.332197666168213
3.3323888778686523
3.3322219848632812
3.331714630126953
3.331467390060425
3.331570863723755
3.331688642501831
3.3315155506134033
3.3312835693359375
3.3311638832092285
3.3324828147888184
3.332624673843384
3.332263708114624
3.332176685333252
3.3319778442382812
3.3461101055145264
3.3461883068084717
3.346022129058838
3.3458142280578613
3.3461380004882812
3.329895257949829
3.329965353012085
3.330080986022949
3.3301405906677246
3.3300232887268066
3.3430674076080322
3.3435606956481934
3.3431432247161865
3.343679189682007
3.343510866165161
3.337752103805542
3.3375909328460693
3.337033748626709
3.337740659713745
3.3374059200286865
3.3579273223876953
3.3576183319091797
3.3571460247039795
3.357313394546509
3.3578999042510986
3.339829206466675
3.339447498321533
3.3394534587860107
3.3396854400634766
3.3394992351531982
3.348991632461548
3.3496482372283936
3.3495209217071533
3.3493874073028564
3.3493824005126953
3.3345961570739746
3.3344037532806396
3.334792137145996
3.334273099899292
3.334386110305786
3.3174359798431396
3.3173441886901855
3.317474603652954
3.317269802093506
3.317176580429077
3.352097511291504
3.3520514965057373
3.3524134159088135
3.3516201972961426
3.3511791229248047
3.332416296005249
3.3327436447143555
3.331909418106079
3.332125663757324
3.3321282863616943
3.3376853466033936
3.337702751159668
3.3381383419036865
3.3371615409851074
3.33772873878479
3.3440873622894287
3.34387469291687
3.3442039489746094
3.344496488571167
3.3444433212280273
3.3615520000457764
3.3616158962249756
3.360468626022339
3.361715793609619
3.3616249561309814
3.3452093601226807
3.345407247543335
3.344665288925171
3.3446834087371826
3.345136880874634
3.3496530055999756
3.349721908569336
3.349238157272339
3.349966287612915
3.350142478942871
3.3260748386383057
3.3257486820220947
3.3263943195343018
3.3257522583007812
3.325718402862549
3.3457798957824707
3.3431661128997803
3.338346481323242
3.335732936859131
3.3362343311309814
3.3209378719329834
3.3209211826324463
3.321544647216797
3.3214070796966553
3.3216257095336914
3.351816177368164
3.3519387245178223
3.352999210357666
3.3522329330444336
3.3519108295440674
3.323181629180908
3.3232405185699463
3.323272943496704
3.3233375549316406
3.323155641555786
3.3574094772338867
3.3585784435272217
3.357482671737671
3.3583812713623047
3.3574531078338623
3.356450080871582
3.3562357425689697
3.3566386699676514
3.3564271926879883
3.35672664642334
3.329596996307373
3.329651355743408
3.329535961151123
3.329437255859375
3.329256534576416
3.345815420150757
3.3455240726470947
3.345552682876587
3.3455302715301514
3.345304489135742
3.3363537788391113
3.3362789154052734
3.3362185955047607
3.336224317550659
3.3363566398620605
3.3424551486968994
3.342059850692749
3.3425216674804688
3.342191696166992
3.3422536849975586
3.3233489990234375
3.3233327865600586
3.3234829902648926
3.3231186866760254
3.3228914737701416
3.3515987396240234
3.3519127368927
3.3524057865142822
3.3512611389160156
3.3513145446777344
3.354759454727173
3.3534955978393555
3.3545498847961426
3.354135751724243
3.3541903495788574
3.327481508255005
3.3272922039031982
3.3274176120758057
3.3276453018188477
3.3275961875915527
3.3282036781311035
3.3271701335906982
3.327298879623413
3.3278648853302
3.3276937007904053
3.355909824371338
3.3564035892486572
3.355947256088257
3.3563079833984375
3.3561203479766846
3.3099842071533203
3.309837818145752
3.3094711303710938
3.3096635341644287
3.309602737426758
3.3354132175445557
3.335252046585083
3.3355977535247803
3.335136651992798
3.335020065307617
3.375361680984497
3.3750905990600586
3.375195026397705
3.37491774559021
3.374405860900879
3.3079674243927
3.3085644245147705
3.308198928833008
3.3077523708343506
3.3075649738311768
3.3394775390625
3.340214729309082
3.3388569355010986
3.339035987854004
3.338730812072754
3.356199264526367
3.3539721965789795
3.3540282249450684
3.353327989578247
3.3530259132385254
3.3235721588134766
3.321509599685669
3.319169759750366
3.317117214202881
3.3160054683685303
3.36584734916687
3.3659229278564453
3.366020441055298
3.365724563598633
3.3654708862304688
3.3259072303771973
3.326559543609619
3.325838565826416
3.325916051864624
3.3263614177703857
3.3424899578094482
3.3424055576324463
3.3424370288848877
3.342456579208374
3.3426263332366943
3.3364007472991943
3.3366754055023193
3.3367342948913574
3.3368282318115234
3.3354434967041016
3.3180806636810303
3.3176255226135254
3.3175079822540283
3.3177356719970703
3.3177073001861572
3.32611083984375
3.326138496398926
3.3260154724121094
3.326084852218628
3.32614803314209
3.3498716354370117
3.348858594894409
3.348721981048584
3.3491528034210205
3.3491954803466797
3.3430051803588867
3.3424758911132812
3.3427562713623047
3.342478036880493
3.342855930328369
3.3249285221099854
3.324847936630249
3.32492995262146
3.3251307010650635
3.325392961502075
3.3465464115142822
3.347102403640747
3.345074415206909
3.3449902534484863
3.3443515300750732
3.3325765132904053
3.3320865631103516
3.331096649169922
3.332441568374634
3.332073926925659
3.3396332263946533
3.339008092880249
3.339454412460327
3.338898181915283
3.3390989303588867
3.3308794498443604
3.3309361934661865
3.3312795162200928
3.330942153930664
3.3308839797973633
3.3312220573425293
3.331202983856201
3.331348180770874
3.329946994781494
3.331210136413574
3.354464530944824
3.35516095161438
3.3539726734161377
3.3536505699157715
3.354793071746826
3.338191270828247
3.3387818336486816
3.3390426635742188
3.3382985591888428
3.338242530822754
3.3232696056365967
3.3222784996032715
3.322232961654663
3.3222949504852295
3.3221569061279297
3.336122512817383
3.3365492820739746
3.335632801055908
3.3359696865081787
3.335667371749878
3.330353021621704
3.3294410705566406
3.329555034637451
3.3293352127075195
3.329503297805786
3.3485193252563477
3.3485524654388428
3.348433256149292
3.348127603530884
3.3484301567077637
3.3147130012512207
3.3148086071014404
3.3146603107452393
3.314923048019409
3.314952850341797
3.319641590118408
3.319077968597412
3.3193776607513428
3.318495273590088
3.318413019180298
3.3270070552825928
3.3268065452575684
3.327260732650757
3.326814651489258
3.326817035675049
3.3254969120025635
3.3253884315490723
3.325535297393799
3.325453758239746
3.3255081176757812
3.335585594177246
3.335178852081299
3.334942102432251
3.3345742225646973
3.3348724842071533
3.321115732192993
3.321033477783203
3.3208351135253906
3.3204376697540283
3.3203461170196533
3.3522942066192627
3.3522777557373047
3.350639820098877
3.3510890007019043
3.3491947650909424
3.328765630722046
3.3286468982696533
3.3290019035339355
3.3286991119384766
3.3286850452423096
3.3323822021484375
3.3314883708953857
3.3306899070739746
3.330747365951538
3.331278085708618
3.3354127407073975
3.3353559970855713
3.334418296813965
3.3347535133361816
3.3349292278289795
3.3338873386383057
3.3341927528381348
3.3342723846435547
3.333904266357422
3.334326982498169
3.328012704849243
3.3276588916778564
3.327432155609131
3.3273956775665283
3.326948404312134
3.3299832344055176
3.330249071121216
3.3299551010131836
3.3301868438720703
3.329286575317383
3.3275232315063477
3.3276476860046387
3.327467679977417
3.3275227546691895
3.3270504474639893
3.3426084518432617
3.3476319313049316
3.343932867050171
3.33858060836792
3.3252077102661133
3.3213050365448
3.320918083190918
3.321103811264038
3.3212907314300537
3.3214590549468994
3.3137166500091553
3.3137004375457764
3.313674211502075
3.3139891624450684
3.3142473697662354
3.3274714946746826
3.3274378776550293
3.327585220336914
3.3277883529663086
3.3275997638702393
3.323220729827881
3.323209285736084
3.323167085647583
3.32314395904541
3.3225507736206055
3.3304262161254883
3.3309037685394287
3.3309035301208496
3.3306009769439697
3.330768585205078
3.3276028633117676
3.3277149200439453
3.3278214931488037
3.327369451522827
3.327404499053955
3.3667869567871094
3.3666610717773438
3.3658323287963867
3.3669471740722656
3.3660521507263184
3.323599100112915
3.3236300945281982
3.3237853050231934
3.3232641220092773
3.3232128620147705
3.3443737030029297
3.3444156646728516
3.3445334434509277
3.3438351154327393
3.3438596725463867
3.3249056339263916
3.324589729309082
3.324561834335327
3.32480788230896
3.3246102333068848
3.3342463970184326
3.3337063789367676
3.333561420440674
3.3332316875457764
3.333078622817993
3.3224599361419678
3.322667121887207
3.322662353515625
3.322378635406494
3.3224353790283203
3.3216660022735596
3.321392297744751
3.321298599243164
3.321476459503174
3.3208699226379395
3.330009698867798
3.3297207355499268
3.329641819000244
3.3293020725250244
3.3297338485717773
3.3207972049713135
3.320444345474243
3.320216178894043
3.3204166889190674
3.3199880123138428
3.333427906036377
3.3320062160491943
3.330371618270874
3.327488422393799
3.327136516571045
3.3360612392425537
3.3359532356262207
3.336303234100342
3.3359217643737793
3.336483955383301
3.3311209678649902
3.3314898014068604
3.33139705657959
3.3317389488220215
3.3318707942962646
3.3586111068725586
3.3468332290649414
3.339291572570801
3.337184429168701
3.337878704071045
3.3253262042999268
3.32521653175354
3.3255538940429688
3.325674295425415
3.3255786895751953
3.3245551586151123
3.324406147003174
3.324326276779175
3.3242387771606445
3.3244917392730713
3.331289529800415
3.3308053016662598
3.331094741821289
3.3307244777679443
3.3308141231536865
3.338340997695923
3.337554931640625
3.338101387023926
3.338505506515503
3.33817720413208
3.3271234035491943
3.3273587226867676
3.32763671875
3.327274799346924
3.3265151977539062
3.344036340713501
3.3439133167266846
3.3437955379486084
3.344109296798706
3.343932628631592
3.3222360610961914
3.3223342895507812
3.32157826423645
3.3224101066589355
3.3220362663269043
3.3158788681030273
3.315908432006836
3.3163902759552
3.315481424331665
3.315641164779663
3.3146979808807373
3.314713478088379
3.3154382705688477
3.3150887489318848
3.315451145172119
3.3267438411712646
3.3264572620391846
3.3264319896698
3.326476812362671
3.3264174461364746
3.3468167781829834
3.3475098609924316
3.347414255142212
3.3464550971984863
3.3462421894073486
3.3262460231781006
3.3266825675964355
3.326561689376831
3.326582193374634
3.3262805938720703
3.3295440673828125
3.3299758434295654
3.3299546241760254
3.3304214477539062
3.3298888206481934
3.3050408363342285
3.304868698120117
3.3050780296325684
3.304946184158325
3.3042819499969482
3.328901529312134
3.3290812969207764
3.329016923904419
3.3293159008026123
3.329408884048462
3.3322439193725586
3.3313143253326416
3.3326916694641113
3.3322668075561523
3.332414150238037
3.3450088500976562
3.3447487354278564
3.344223976135254
3.3445522785186768
3.3444929122924805
3.344181776046753
3.3448069095611572
3.3445746898651123
3.344430923461914
3.343698024749756
3.3292577266693115
3.3290677070617676
3.3288145065307617
3.329254388809204
3.328934669494629
3.3181934356689453
3.318739414215088
3.318571090698242
3.3182122707366943
3.318772315979004
3.3306894302368164
3.3299052715301514
3.3298044204711914
3.3297743797302246
3.3291566371917725
3.327542543411255
3.327435255050659
3.3279120922088623
3.327735185623169
3.32755184173584
3.3236348628997803
3.3237874507904053
3.323594808578491
3.323432445526123
3.323779582977295
3.347853899002075
3.3481547832489014
3.34841251373291
3.3468313217163086
3.3473379611968994
3.338902473449707
3.3384907245635986
3.3387322425842285
3.3390583992004395
3.338529109954834
3.3412351608276367
3.340820550918579
3.340407133102417
3.341003179550171
3.340515375137329
3.326979160308838
3.3273425102233887
3.326791763305664
3.3274612426757812
3.3276419639587402
3.330547332763672
3.331418037414551
3.331299304962158
3.330817699432373
3.3312041759490967
3.3379147052764893
3.33837890625
3.3387675285339355
3.3385093212127686
3.3388218879699707
3.322159767150879
3.3226590156555176
3.3217976093292236
3.3223350048065186
3.321493148803711
3.3398308753967285
3.3393640518188477
3.3399417400360107
3.3399906158447266
3.340139150619507
3.3059844970703125
3.3061656951904297
3.306206703186035
3.3062071800231934
3.305974245071411
3.3175623416900635
3.3166344165802
3.318000078201294
3.317551851272583
3.317728042602539
3.3394956588745117
3.339923143386841
3.340259075164795
3.3400378227233887
3.3402113914489746
3.3308756351470947
3.3315417766571045
3.3310835361480713
3.3312253952026367
3.3314967155456543
3.3259453773498535
3.3247547149658203
3.32452392578125
3.3251829147338867
3.324843168258667
3.3181865215301514
3.317993402481079
3.3177452087402344
3.3173980712890625
3.31782603263855
3.3211734294891357
3.321225643157959
3.3211722373962402
3.3210320472717285
3.3212127685546875
3.3293631076812744
3.3298773765563965
3.329496383666992
3.329580307006836
3.329728841781616
3.3025925159454346
3.3024399280548096
3.3024168014526367
3.30246901512146
3.302623748779297
3.326014518737793
3.326716423034668
3.325814723968506
3.3263442516326904
3.3264107704162598
3.3204638957977295
3.3207550048828125
3.3205487728118896
3.32043719291687
3.320378541946411
3.325047731399536
3.3254125118255615
3.3251402378082275
3.3251760005950928
3.325627088546753
3.3282761573791504
3.3285694122314453
3.328174114227295
3.3282628059387207
3.328449010848999
3.3232457637786865
3.3221333026885986
3.3230040073394775
3.3227264881134033
3.3229105472564697
3.327977418899536
3.328270673751831
3.328134059906006
3.3281848430633545
3.328315258026123
3.338165521621704
3.3382816314697266
3.3382580280303955
3.3384907245635986
3.338087558746338
3.3282885551452637
3.3286190032958984
3.327955484390259
3.328234910964966
3.3280093669891357
3.3327198028564453
3.3332359790802
3.33325457572937
3.332988739013672
3.333726167678833
3.3258602619171143
3.325092077255249
3.3250272274017334
3.326080799102783
3.3256638050079346
3.3274314403533936
3.3274247646331787
3.3270840644836426
3.3277950286865234
3.3276238441467285
3.3105645179748535
3.3101377487182617
3.3096728324890137
3.3095104694366455
3.3100521564483643
3.329160690307617
3.3289713859558105
3.3288891315460205
3.328967571258545
3.3286170959472656
3.3152148723602295
3.315535306930542
3.3161568641662598
3.3156168460845947
3.3157339096069336
3.335688352584839
3.335801124572754
3.335719108581543
3.3355393409729004
3.335465669631958
3.354020833969116
3.353604793548584
3.3537840843200684
3.35048246383667
3.3512656688690186
3.3410913944244385
3.340709924697876
3.3402109146118164
3.341073751449585
3.340991497039795
3.335787773132324
3.336311101913452
3.3362207412719727
3.3364577293395996
3.336209535598755
3.333181858062744
3.333047866821289
3.333287477493286
3.333176374435425
3.333246946334839
3.331510066986084
3.3318943977355957
3.3324294090270996
3.3319385051727295
3.3317441940307617
3.3295891284942627
3.3297576904296875
3.329596757888794
3.3292934894561768
3.328728199005127
3.316256523132324
3.3162789344787598
3.315946578979492
3.3164713382720947
3.3159680366516113
3.3234763145446777
3.3233680725097656
3.323432445526123
3.3235929012298584
3.3235106468200684
3.327207326889038
3.3272929191589355
3.327064275741577
3.3265106678009033
3.3273868560791016
3.3122146129608154
3.3119359016418457
3.3120434284210205
3.312227725982666
3.3125967979431152
3.3400416374206543
3.339165210723877
3.3399345874786377
3.3398597240448
3.3401474952697754
3.337721109390259
3.337825059890747
3.3381357192993164
3.337556838989258
3.3383989334106445
3.3099329471588135
3.310497999191284
3.3095033168792725
3.310058355331421
3.3102951049804688
3.3204843997955322
3.320235252380371
3.3203794956207275
3.3201889991760254
3.319824457168579
3.324104070663452
3.3241000175476074
3.324331045150757
3.324251890182495
3.3237569332122803
3.3376171588897705
3.3369743824005127
3.3379921913146973
3.3380486965179443
3.3368167877197266
3.315458059310913
3.3150196075439453
3.315053939819336
3.3148550987243652
3.315081834793091
3.309485912322998
3.309509754180908
3.310110092163086
3.309401512145996
3.310134172439575
3.3549649715423584
3.350330114364624
3.3446381092071533
3.339251756668091
3.3391220569610596
3.336230754852295
3.3372364044189453
3.336430072784424
3.337021589279175
3.337111234664917
3.323076009750366
3.323434352874756
3.3233418464660645
3.32316255569458
3.32324481010437
3.3419036865234375
3.341360569000244
3.341616153717041
3.34110951423645
3.341562509536743
3.3492984771728516
3.350857973098755
3.349543809890747
3.34930419921875
3.349031686782837
3.3158228397369385
3.3156769275665283
3.315653085708618
3.3158719539642334
3.315619945526123
3.3285768032073975
3.3283982276916504
3.3288936614990234
3.328179359436035
3.328594207763672
3.3305623531341553
3.3307108879089355
3.3308510780334473
3.3309884071350098
3.331134080886841
3.3429808616638184
3.3421173095703125
3.3424808979034424
3.342968463897705
3.342595100402832
3.3397507667541504
3.339902639389038
3.339686870574951
3.339690685272217
3.3398959636688232
3.327052354812622
3.326998710632324
3.327227830886841
3.3277482986450195
3.326662302017212
3.3093302249908447
3.3094170093536377
3.309124708175659
3.3090741634368896
3.3093032836914062
3.322685956954956
3.32258677482605
3.3223166465759277
3.3225247859954834
3.3220105171203613
3.326343536376953
3.325921058654785
3.325644016265869
3.3250679969787598
3.3255112171173096
3.3330090045928955
3.333536148071289
3.3323261737823486
3.3305678367614746
3.3303110599517822
3.31492018699646
3.3149735927581787
3.3147590160369873
3.3149304389953613
3.314819574356079
3.3224098682403564
3.322415828704834
3.322543144226074
3.322838306427002
3.322567939758301
3.3298251628875732
3.3296396732330322
3.329171657562256
3.3298819065093994
3.3294527530670166
3.3029627799987793
3.3028619289398193
3.302443504333496
3.3022375106811523
3.302105188369751
3.3626585006713867
3.361943006515503
3.362006664276123
3.362220525741577
3.3623147010803223
3.3351891040802
3.3349556922912598
3.3353562355041504
3.335449695587158
3.3353271484375
3.336230754852295
3.3367364406585693
3.337862968444824
3.337585926055908
3.3371338844299316
3.3172521591186523
3.3176181316375732
3.3176662921905518
3.3182740211486816
3.3178141117095947
3.324019432067871
3.3239073753356934
3.323540449142456
3.3237903118133545
3.323695659637451
3.3116893768310547
3.311516523361206
3.311795711517334
3.3117854595184326
3.311737537384033
3.337148904800415
3.3373758792877197
3.3373916149139404
3.337545156478882
3.3372490406036377
3.3211967945098877
3.3211328983306885
3.3210673332214355
3.3208823204040527
3.3210222721099854
3.3261919021606445
3.325657367706299
3.3257899284362793
3.32588267326355
3.3257572650909424
3.3363699913024902
3.3365204334259033
3.336432695388794
3.33642578125
3.3364288806915283
3.3298065662384033
3.331740617752075
3.3315558433532715
3.3309648036956787
3.3303306102752686
3.326697587966919
3.3239777088165283
3.3235251903533936
3.3236262798309326
3.323640823364258
3.339545726776123
3.340763568878174
3.3415801525115967
3.341428518295288
3.3412673473358154
3.3417274951934814
3.343132734298706
3.342468023300171
3.3421154022216797
3.3417389392852783
3.341303586959839
3.341496706008911
3.3413455486297607
3.3414883613586426
3.3417065143585205
3.31894850730896
3.319356679916382
3.3192410469055176
3.3192031383514404
3.3193957805633545
3.320897102355957
3.3214917182922363
3.320707082748413
3.320978879928589
3.3207523822784424
3.3475608825683594
3.347383737564087
3.3470170497894287
3.346996784210205
3.3473780155181885
3.323490619659424
3.323178768157959
3.3230772018432617
3.3221919536590576
3.322165012359619
3.319638252258301
3.3189303874969482
3.3191184997558594
3.3184242248535156
3.31878924369812
3.341477394104004
3.3394503593444824
3.3400282859802246
3.340080499649048
3.339694023132324
3.3076095581054688
3.307568073272705
3.3079285621643066
3.307429075241089
3.3081390857696533
3.3183629512786865
3.318969964981079
3.31907057762146
3.318544864654541
3.3196702003479004
3.338958263397217
3.340117931365967
3.338273525238037
3.338681221008301
3.339249849319458
3.332305669784546
3.3319592475891113
3.332653045654297
3.332026720046997
3.3321142196655273
3.3310294151306152
3.3309009075164795
3.330831527709961
3.3308849334716797
3.3307487964630127
3.3289854526519775
3.328798532485962
3.329258918762207
3.3286449909210205
3.3273050785064697
3.3312511444091797
3.332345485687256
3.3321635723114014
3.3320605754852295
3.332165241241455
3.309213876724243
3.3099637031555176
3.309460401535034
3.30991792678833
3.3095014095306396
3.3223190307617188
3.322096824645996
3.3221383094787598
3.32201886177063
3.321864604949951
3.3084535598754883
3.3083202838897705
3.308773994445801
3.3087007999420166
3.308696985244751
3.320295810699463
3.320882558822632
3.3204152584075928
3.320737600326538
3.3206708431243896
3.337735652923584
3.337521553039551
3.338167905807495
3.3382668495178223
3.338132858276367
3.3086750507354736
3.308964729309082
3.308868169784546
3.308739185333252
3.30863094329834
3.3195536136627197
3.3193466663360596
3.3195836544036865
3.3191261291503906
3.3194048404693604
3.333123207092285
3.3327908515930176
3.3327434062957764
3.333937406539917
3.333240032196045
3.3318278789520264
3.3324272632598877
3.3318746089935303
3.3318099975585938
3.332426071166992
3.3088979721069336
3.308110237121582
3.3077127933502197
3.30770206451416
3.307631254196167
3.326239824295044
3.326336145401001
3.325784921646118
3.326387882232666
3.3266448974609375
3.316871404647827
3.316554307937622
3.3171820640563965
3.317491292953491
3.3171637058258057
3.3194580078125
3.319631814956665
3.3191909790039062
3.3197789192199707
3.319456100463867
3.325632333755493
3.318485975265503
3.31638240814209
3.315575361251831
3.315661668777466
3.33766770362854
3.337998151779175
3.337364912033081
3.3380870819091797
3.3387508392333984
3.3149445056915283
3.3147475719451904
3.3136532306671143
3.313737392425537
3.313915967941284
3.3154289722442627
3.315453290939331
3.31526517868042
3.315603256225586
3.315472364425659
3.322866678237915
3.3232269287109375
3.323063850402832
3.322783946990967
3.3227975368499756
3.3561155796051025
3.3562042713165283
3.3556630611419678
3.3564701080322266
3.3559558391571045
3.3169310092926025
3.3180348873138428
3.3182945251464844
3.3180453777313232
3.3168904781341553
3.32299542427063
3.322967290878296
3.323307991027832
3.3228209018707275
3.322798728942871
3.3046505451202393
3.3044545650482178
3.3045332431793213
3.304839849472046
3.30490779876709
3.3367857933044434
3.3379971981048584
3.3379781246185303
3.3365955352783203
3.337460994720459
3.3136396408081055
3.3135037422180176
3.313567876815796
3.3134658336639404
3.3136024475097656
3.3306405544281006
3.3308393955230713
3.3295388221740723
3.3297040462493896
3.3293519020080566
3.326159954071045
3.3258841037750244
3.325796365737915
3.3256924152374268
3.3257973194122314
3.3301143646240234
3.3304660320281982
3.3304710388183594
3.330108880996704
3.330594301223755
3.3223347663879395
3.322598457336426
3.322294235229492
3.3222970962524414
3.3230834007263184
3.3246119022369385
3.324645757675171
3.3244545459747314
3.3252835273742676
3.325030565261841
3.3283445835113525
3.3290343284606934
3.3285536766052246
3.3289287090301514
3.3290011882781982
3.3323097229003906
3.3330981731414795
3.3328630924224854
3.3322179317474365
3.3323822021484375
3.326411008834839
3.3260583877563477
3.3263092041015625
3.325686454772949
3.3258299827575684
3.310884475708008
3.3112449645996094
3.3117153644561768
3.3109092712402344
3.3112664222717285
3.3556954860687256
3.3546273708343506
3.354647636413574
3.355971097946167
3.355231523513794
3.3397483825683594
3.3388280868530273
3.3397295475006104
3.3398916721343994
3.338690996170044
3.318819999694824
3.3178255558013916
3.3178670406341553
3.3179948329925537
3.3177597522735596
3.3375930786132812
3.3373935222625732
3.3376047611236572
3.336895227432251
3.336893320083618
3.319267511367798
3.319690704345703
3.318208694458008
3.318953037261963
3.318028688430786
3.317387104034424
3.3169071674346924
3.3163461685180664
3.3167457580566406
3.3164258003234863
3.3099536895751953
3.309844493865967
3.3098466396331787
3.309734344482422
3.310056686401367
3.3258979320526123
3.3264176845550537
3.3257479667663574
3.3262672424316406
3.3258116245269775
3.3128530979156494
3.312225580215454
3.3131415843963623
3.312368631362915
3.3132100105285645
3.32659649848938
3.3264315128326416
3.3264989852905273
3.3258492946624756
3.3262152671813965
3.3040356636047363
3.3037593364715576
3.303938627243042
3.3044350147247314
3.3040354251861572
3.303771495819092
3.3032944202423096
3.303028106689453
3.303680181503296
3.303392171859741
3.328491449356079
3.3288865089416504
3.3288094997406006
3.3292088508605957
3.3287107944488525
3.315307378768921
3.3147964477539062
3.3152425289154053
3.3151557445526123
3.3153464794158936
3.3133413791656494
3.313366174697876
3.314000368118286
3.3136913776397705
3.3133738040924072
3.321728229522705
3.322138786315918
3.322205066680908
3.3226773738861084
3.3225531578063965
3.3079583644866943
3.307443380355835
3.3076751232147217
3.3075010776519775
3.3072702884674072
3.3401224613189697
3.340498685836792
3.3401124477386475
3.3410181999206543
3.3406710624694824
3.3247127532958984
3.324584484100342
3.325787305831909
3.32560133934021
3.3238749504089355
3.320284366607666
3.320258378982544
3.320077896118164
3.319955825805664
3.3196589946746826
3.317706346511841
3.3177950382232666
3.3179471492767334
3.317628860473633
3.3175601959228516
3.3351378440856934
3.3343441486358643
3.3342702388763428
3.335015296936035
3.334684371948242
3.326249837875366
3.3256912231445312
3.325277805328369
3.3252336978912354
3.325108766555786
3.314228057861328
3.3148114681243896
3.3150386810302734
3.3147575855255127
3.314467668533325
3.3208274841308594
3.320808172225952
3.3210232257843018
3.3208792209625244
3.320702314376831
3.329152822494507
3.3287971019744873
3.3286938667297363
3.3288588523864746
3.3293824195861816
3.32820200920105
3.328381299972534
3.328291893005371
3.3281521797180176
3.3281946182250977
3.316530704498291
3.3161544799804688
3.3160178661346436
3.316020965576172
3.316197395324707
3.3327019214630127
3.3335728645324707
3.3332579135894775
3.333513021469116
3.3337693214416504
3.3221821784973145
3.3223986625671387
3.3227686882019043
3.323037624359131
3.3229846954345703
3.343228816986084
3.3441081047058105
3.344144344329834
3.343737840652466
3.3443105220794678
3.34379243850708
3.3436388969421387
3.3438336849212646
3.3435142040252686
3.3438289165496826
3.324028968811035
3.324795961380005
3.3245108127593994
3.3246705532073975
3.324289560317993
3.3096203804016113
3.3088529109954834
3.308573007583618
3.3081488609313965
3.3077430725097656
3.307100534439087
3.3069355487823486
3.3066728115081787
3.306426525115967
3.3063907623291016
3.3266146183013916
3.32663893699646
3.325680732727051
3.32585072517395
3.3259541988372803
3.329578161239624
3.325106143951416
3.323923110961914
3.324228286743164
3.3237640857696533
3.3395943641662598
3.3393383026123047
3.339792490005493
3.339498519897461
3.339722156524658
3.307047128677368
3.3070428371429443
3.3071584701538086
3.3072028160095215
3.306673288345337
3.314481258392334
3.3134562969207764
3.314534902572632
3.3139214515686035
3.3135626316070557
3.3138351440429688
3.313471794128418
3.31400728225708
3.3139541149139404
3.3139655590057373
3.3204665184020996
3.3197505474090576
3.3204121589660645
3.320215940475464
3.3202526569366455
3.3386311531066895
3.3393702507019043
3.339596748352051
3.3396193981170654
3.3396527767181396
3.3245725631713867
3.3252670764923096
3.3250904083251953
3.325080394744873
3.325051784515381
3.3213067054748535
3.32038950920105
3.320718765258789
3.320719003677368
3.320507049560547
3.3082425594329834
3.308906316757202
3.308695077896118
3.308206558227539
3.3082454204559326
3.308999538421631
3.3087081909179688
3.3089687824249268
3.3087427616119385
3.3087782859802246
3.298325300216675
3.2985846996307373
3.298379421234131
3.2985706329345703
3.2984249591827393
3.3316400051116943
3.332658290863037
3.3329503536224365
3.332502841949463
3.332834243774414
3.323197603225708
3.323096513748169
3.321777105331421
3.321845769882202
3.318941593170166
3.2991573810577393
3.298917055130005
3.2993340492248535
3.2997803688049316
3.299158811569214
3.310723304748535
3.3109471797943115
3.3105051517486572
3.311612367630005
3.3114147186279297
3.324777364730835
3.3253679275512695
3.3251760005950928
3.325059413909912
3.3250315189361572
3.34531307220459
3.3469536304473877
3.3331964015960693
3.3211135864257812
3.3201491832733154
3.292328357696533
3.2922885417938232
3.2924089431762695
3.2922298908233643
3.292060375213623
3.3318371772766113
3.332062005996704
3.3315682411193848
3.331245183944702
3.331857681274414
3.302328109741211
3.302142381668091
3.302218437194824
3.3024182319641113
3.3023476600646973
3.335062026977539
3.3344428539276123
3.3331832885742188
3.330019950866699
3.3301310539245605
3.2963387966156006
3.296428918838501
3.2962543964385986
3.296191930770874
3.2962868213653564
3.3193607330322266
3.318527936935425
3.3194496631622314
3.319716691970825
3.318796396255493
3.306882858276367
3.3066961765289307
3.306868076324463
3.306591033935547
3.3064382076263428
3.325890064239502
3.3258886337280273
3.326085090637207
3.3264150619506836
3.326061248779297
3.32658052444458
3.3261473178863525
3.325845956802368
3.3264081478118896
3.3252968788146973
3.3180651664733887
3.3181774616241455
3.317471742630005
3.317580223083496
3.317203998565674
3.327709913253784
3.327186346054077
3.327322483062744
3.3271677494049072
3.326892614364624
3.308870315551758
3.3086020946502686
3.3082828521728516
3.3084418773651123
3.3081095218658447
3.29929518699646
3.298924207687378
3.2986583709716797
3.2982664108276367
3.2985761165618896
3.3259143829345703
3.326738119125366
3.326784133911133
3.3272175788879395
3.3264265060424805
3.3049471378326416
3.3051090240478516
3.304992437362671
3.3047101497650146
3.3047425746917725
3.324979066848755
3.3259117603302
3.325779438018799
3.325288772583008
3.3249425888061523
3.3143343925476074
3.3141651153564453
3.3106155395507812
3.3057656288146973
3.3040733337402344
3.3113903999328613
3.3113508224487305
3.3120479583740234
3.3119382858276367
3.3122406005859375
3.3135263919830322
3.313664674758911
3.3135998249053955
3.313619375228882
3.3131842613220215
3.3338301181793213
3.3332841396331787
3.333669662475586
3.333839178085327
3.334181308746338
3.286257028579712
3.2859208583831787
3.2860677242279053
3.286287784576416
3.286438465118408
3.3136281967163086
3.313688039779663
3.313685178756714
3.314221143722534
3.3142142295837402
3.3116390705108643
3.3114752769470215
3.3118057250976562
3.3117763996124268
3.311760425567627
3.331838369369507
3.3320517539978027
3.3315157890319824
3.33174204826355
3.3319363594055176
3.3126022815704346
3.3130908012390137
3.312279224395752
3.3129255771636963
3.3120667934417725
3.3306093215942383
3.3309857845306396
3.330878496170044
3.3313276767730713
3.3302321434020996
3.3120758533477783
3.3114166259765625
3.3119454383850098
3.311950922012329
3.312047004699707
3.340719699859619
3.341474771499634
3.3415534496307373
3.340571641921997
3.340893268585205
3.3364505767822266
3.3362278938293457
3.3354194164276123
3.3355870246887207
3.3359296321868896
3.3351871967315674
3.3357765674591064
3.3345322608947754
3.3343474864959717
3.33416748046875
3.319105863571167
3.3185930252075195
3.3186984062194824
3.318871021270752
3.3182578086853027
3.2882049083709717
3.29022216796875
3.2902474403381348
3.289773941040039
3.2901480197906494
3.3117616176605225
3.311797857284546
3.310922145843506
3.311147689819336
3.311006546020508
3.310124158859253
3.3098504543304443
3.3096461296081543
3.309821128845215
3.30977201461792
3.3006112575531006
3.300140619277954
3.3003787994384766
3.30025577545166
3.3002312183380127
3.3116533756256104
3.3116912841796875
3.3117573261260986
3.310917615890503
3.3118929862976074
3.310880184173584
3.3109233379364014
3.3108108043670654
3.310567617416382
3.3108339309692383
3.3347971439361572
3.334784507751465
3.335157632827759
3.3350677490234375
3.3349225521087646
3.3125734329223633
3.3128862380981445
3.313101053237915
3.3126895427703857
3.312800407409668
3.2971372604370117
3.2975645065307617
3.2972092628479004
3.2970423698425293
3.2975337505340576
3.30877947807312
3.3088674545288086
3.3087825775146484
3.309068202972412
3.3101279735565186
3.2975311279296875
3.2970690727233887
3.2976138591766357
3.297705888748169
3.2980546951293945
3.312495231628418
3.313478708267212
3.313608169555664
3.3136560916900635
3.314868450164795
3.3106489181518555
3.3086535930633545
3.3048667907714844
3.304530382156372
3.304105520248413
3.3050296306610107
3.304997682571411
3.3052074909210205
3.305234670639038
3.304999828338623
3.3137354850769043
3.3135974407196045
3.314138650894165
3.3137881755828857
3.314168691635132
3.329535722732544
3.329514741897583
3.3283965587615967
3.3289265632629395
3.328230619430542
3.319239377975464
3.3192501068115234
3.319204568862915
3.3192715644836426
3.3194432258605957
3.3183584213256836
3.3188509941101074
3.319124698638916
3.3185598850250244
3.3182029724121094
3.3023695945739746
3.302323579788208
3.302466869354248
3.3019769191741943
3.3027007579803467
3.316732406616211
3.3166635036468506
3.317307710647583
3.3173677921295166
3.3167405128479004
3.30309796333313
3.3035407066345215
3.3033416271209717
3.3040881156921387
3.304103374481201
3.300849199295044
3.3004019260406494
3.3008809089660645
3.301513195037842
3.301534414291382
3.325939416885376
3.324556827545166
3.324235200881958
3.324294090270996
3.3244268894195557
3.320786237716675
3.3210484981536865
3.321188449859619
3.3204095363616943
3.3213183879852295
3.327446937561035
3.3274548053741455
3.327752113342285
3.3273682594299316
3.327559232711792
3.3087732791900635
3.308678150177002
3.3079380989074707
3.3086929321289062
3.3085482120513916
3.312452554702759
3.3129723072052
3.312628746032715
3.3125710487365723
3.31231689453125
3.3162622451782227
3.3156206607818604
3.3158586025238037
3.317734479904175
3.3196282386779785
3.3083600997924805
3.3086109161376953
3.3085741996765137
3.3081018924713135
3.3084194660186768
3.3164758682250977
3.3158295154571533
3.3161563873291016
3.315600633621216
3.314836263656616
3.3065993785858154
3.3065271377563477
3.306117534637451
3.3064186573028564
3.30599045753479
3.3228650093078613
3.3235816955566406
3.323413372039795
3.323383331298828
3.323406457901001
3.284980058670044
3.2849013805389404
3.2845711708068848
3.2839856147766113
3.283813714981079
3.3219187259674072
3.321639060974121
3.3213486671447754
3.321157932281494
3.321490526199341
3.2979116439819336
3.2980589866638184
3.297898769378662
3.297910451889038
3.297973871231079
3.323906421661377
3.3232173919677734
3.3236773014068604
3.323577642440796
3.3231513500213623
3.303335666656494
3.3028249740600586
3.303861141204834
3.303062915802002
3.302793502807617
3.308607339859009
3.307870626449585
3.308061122894287
3.3077008724212646
3.307889223098755
3.313591957092285
3.3137829303741455
3.3136556148529053
3.313338041305542
3.3135950565338135
3.317002773284912
3.316113233566284
3.316070079803467
3.3157052993774414
3.315232992172241
3.305393695831299
3.3050804138183594
3.304605484008789
3.3042073249816895
3.3033430576324463
3.298999547958374
3.298922061920166
3.299438238143921
3.299160957336426
3.299203395843506
3.297083616256714
3.2976012229919434
3.2970945835113525
3.2964000701904297
3.296724319458008
3.3073501586914062
3.3074235916137695
3.3075878620147705
3.307131290435791
3.3064255714416504
3.3100316524505615
3.3094916343688965
3.309633493423462
3.309800863265991
3.3091909885406494
3.312443256378174
3.312429666519165
3.3122847080230713
3.3122267723083496
3.3119852542877197
3.2987868785858154
3.2989675998687744
3.29900860786438
3.2984530925750732
3.299021005630493
3.297741651535034
3.2978761196136475
3.297976493835449
3.2977397441864014
3.2973363399505615
3.3117945194244385
3.311066150665283
3.310969829559326
3.3108842372894287
3.3107404708862305
3.307105541229248
3.3076980113983154
3.3069019317626953
3.307516098022461
3.306791305541992
3.2960567474365234
3.2960503101348877
3.2960774898529053
3.296139717102051
3.2962486743927
3.327143669128418
3.326977252960205
3.326493740081787
3.3275630474090576
3.327031135559082
3.3135569095611572
3.314182996749878
3.3139569759368896
3.3141613006591797
3.314058542251587
3.3220925331115723
3.3215320110321045
3.322392463684082
3.32222056388855
3.3230140209198
3.3141915798187256
3.3142621517181396
3.3145101070404053
3.314396858215332
3.3145406246185303
3.3092575073242188
3.3091256618499756
3.3087620735168457
3.3093323707580566
3.308906078338623
3.2994883060455322
3.2995076179504395
3.299210548400879
3.299363374710083
3.2999794483184814
3.3206887245178223
3.3186795711517334
3.3133602142333984
3.3074097633361816
3.30660343170166
3.3185341358184814
3.318676233291626
3.319288730621338
3.3186519145965576
3.3200523853302
3.316267251968384
3.315556049346924
3.3165106773376465
3.3165602684020996
3.3163955211639404
3.3017022609710693
3.3014791011810303
3.3015098571777344
3.3014512062072754
3.301097869873047
3.2938945293426514
3.2932562828063965
3.2930831909179688
3.293787717819214
3.293541431427002
3.308969020843506
3.309720993041992
3.309860944747925
3.3095173835754395
3.30983304977417
3.3051815032958984
3.3047497272491455
3.3050076961517334
3.305079698562622
3.3048691749572754
3.3010363578796387
3.3008058071136475
3.3006327152252197
3.300955295562744
3.300900459289551
3.3040552139282227
3.304352045059204
3.3040080070495605
3.304050922393799
3.3048596382141113
3.3071486949920654
3.306988000869751
3.3075008392333984
3.3067972660064697
3.3071889877319336
3.3058106899261475
