nan
4.330745220184326
4.3307414054870605
4.33073091506958
4.330714225769043
4.330698490142822
4.330680847167969
4.330662727355957
4.330643177032471
4.330624580383301
4.33060359954834
4.330582618713379
4.330557823181152
4.330536842346191
4.330512046813965
4.330488681793213
4.330463409423828
4.330438137054443
4.330410957336426
4.330380916595459
4.330351829528809
4.330319404602051
4.330286026000977
4.330254554748535
4.3302202224731445
4.33018159866333
4.330146789550781
4.33010721206665
4.330063343048096
4.330021381378174
4.32997465133667
4.329928874969482
4.3298797607421875
4.329827785491943
4.329774379730225
4.329716682434082
4.329659461975098
4.32959508895874
4.329530239105225
4.329458236694336
4.32938814163208
4.32930850982666
4.329232692718506
4.329148769378662
4.329059600830078
4.328973293304443
4.328880310058594
4.3287858963012695
4.328688621520996
4.3285908699035645
4.328488826751709
4.3283891677856445
4.328286647796631
4.328189849853516
4.328087329864502
4.32798433303833
4.327885627746582
4.327785968780518
4.327694892883301
4.327592372894287
4.32749080657959
4.327394485473633
4.327298164367676
4.3271942138671875
4.32710075378418
