4.330953598022461
4.330682277679443
4.33034086227417
4.330171585083008
4.330008029937744
4.329661846160889
4.329278469085693
4.328862190246582
4.328395843505859
4.327847480773926
4.327535152435303
4.32699728012085
4.32647705078125
4.325984954833984
4.325499057769775
4.325084686279297
4.324582576751709
4.324075222015381
4.323544502258301
4.323023796081543
4.3222856521606445
4.321762561798096
4.321222305297852
4.320662498474121
4.320108890533447
4.320216178894043
4.31972599029541
4.31923246383667
4.318751335144043
4.318286418914795
4.317341327667236
4.316882133483887
4.31643533706665
4.315975189208984
4.3155012130737305
4.315382480621338
4.314943313598633
4.314560890197754
4.314183235168457
4.313814163208008
4.313052177429199
4.312640190124512
4.312164783477783
4.3116278648376465
4.311044692993164
4.311026573181152
4.31041955947876
4.309803485870361
4.309238433837891
4.30864143371582
4.307262420654297
4.306641578674316
4.306005477905273
4.305371284484863
4.304773330688477
4.303962707519531
4.30332612991333
4.302685260772705
4.302028179168701
4.3013596534729
4.299677848815918
4.298956871032715
4.29818058013916
4.2974419593811035
4.296633243560791
4.2960333824157715
4.29517126083374
4.29429292678833
4.293411731719971
4.292473316192627
4.294165134429932
4.293283462524414
4.2924885749816895
4.291651725769043
4.29082727432251
4.2886576652526855
4.287816524505615
4.287002086639404
4.286184310913086
4.285325527191162
4.281611442565918
4.280707836151123
4.2797627449035645
4.278804302215576
4.277840614318848
4.279390811920166
4.278398513793945
4.277410507202148
4.276418685913086
4.275423049926758
4.272941589355469
4.271978855133057
4.270970344543457
4.270042419433594
4.269099712371826
4.273834705352783
4.273067951202393
4.272375106811523
4.271183967590332
4.2703728675842285
4.267237186431885
4.266592979431152
4.26585054397583
4.265203475952148
4.264514923095703
4.264632701873779
4.26400089263916
4.263386249542236
4.26271915435791
4.262121677398682
4.257802486419678
4.257154941558838
4.256498336791992
4.255805492401123
4.25506591796875
4.258869171142578
4.258183479309082
4.257453918457031
4.256836891174316
4.256198883056641
4.253920555114746
4.253180980682373
4.252474308013916
4.251709938049316
4.250897407531738
4.24613094329834
4.245311260223389
4.244422435760498
4.2432637214660645
4.242487907409668
4.245093822479248
4.244300365447998
4.243461608886719
4.242623805999756
4.241839408874512
4.240800380706787
4.240052700042725
4.239269733428955
4.238481521606445
4.237680912017822
4.235470294952393
4.2347187995910645
4.233890056610107
4.2331156730651855
4.232326507568359
4.230987548828125
4.230114936828613
4.2292680740356445
4.228349685668945
4.227476596832275
4.226119041442871
4.225245475769043
4.224354267120361
4.2234601974487305
4.2225565910339355
4.222590923309326
4.221700191497803
4.220827579498291
4.219898223876953
4.218974590301514
4.215688705444336
4.214794158935547
4.2138895988464355
4.212922096252441
4.212001800537109
4.215797424316406
4.215003490447998
4.214070796966553
4.213238716125488
4.212451934814453
4.2116899490356445
4.210948467254639
4.210190296173096
4.209469795227051
4.208729267120361
4.209376335144043
4.208618640899658
4.207897663116455
4.207192420959473
4.206476211547852
4.2009100914001465
4.200168609619141
4.199412822723389
4.198619365692139
4.197847843170166
4.19638729095459
4.19565486907959
4.194875240325928
4.194155216217041
4.193339824676514
4.1935811042785645
4.192797660827637
4.192114353179932
4.191320419311523
4.190524578094482
4.19251012802124
4.191586017608643
4.190643787384033
4.189663410186768
4.188712120056152
4.185998916625977
4.184937477111816
4.184000015258789
4.183116912841797
4.182197093963623
4.180168151855469
4.179258346557617
4.178399562835693
4.177628040313721
4.176783561706543
4.178315162658691
4.177516460418701
4.1767258644104
4.1758599281311035
4.175167560577393
4.169802665710449
4.168951511383057
4.168011665344238
4.167004585266113
4.165971279144287
4.1624860763549805
4.161487579345703
4.160581588745117
4.1597089767456055
4.158804893493652
4.167369842529297
4.166436195373535
4.165689468383789
4.164989948272705
4.1641316413879395
4.163626194000244
4.163074970245361
4.162421703338623
4.161834716796875
4.161294937133789
4.154197692871094
4.153547763824463
4.152702331542969
4.151928901672363
4.1510820388793945
4.155636787414551
4.155016899108887
4.154195785522461
4.153466701507568
4.152655601501465
4.157684803009033
4.157039642333984
4.156318664550781
4.155213356018066
4.154111862182617
4.1448163986206055
4.144122123718262
4.143375873565674
4.142662048339844
4.1417975425720215
4.143937110900879
4.143211841583252
4.142359733581543
4.141613960266113
4.140833377838135
4.135118007659912
4.1342549324035645
4.13334321975708
4.132457733154297
4.1315107345581055
4.130062580108643
4.129022121429443
4.127928733825684
4.126847743988037
4.125723361968994
4.128325939178467
4.127351760864258
4.126436233520508
4.1255621910095215
4.124581336975098
4.128849983215332
4.128018856048584
4.127095699310303
4.126105785369873
4.125240802764893
4.112484931945801
4.111361503601074
4.1102375984191895
4.109133720397949
4.1079888343811035
4.108891487121582
4.1076788902282715
4.106517314910889
4.105398654937744
4.104309558868408
4.109471321105957
4.108266353607178
4.107096195220947
4.105984687805176
4.104946136474609
4.112411022186279
4.110066890716553
4.108471870422363
4.106688976287842
4.105617046356201
4.102419376373291
4.101558685302734
4.100644111633301
4.099689483642578
4.098706245422363
4.087791919708252
4.086958885192871
4.086059093475342
4.085115909576416
4.084223747253418
4.085155010223389
4.084142208099365
4.083219051361084
4.082441329956055
4.081674575805664
4.082423686981201
4.0816426277160645
4.080770492553711
4.079751491546631
4.078667640686035
4.076245307922363
4.075094223022461
4.074118614196777
4.073060989379883
4.071956157684326
4.086310863494873
4.08518648147583
4.084362506866455
4.083612442016602
4.082883358001709
4.06732702255249
4.066579341888428
4.065989971160889
4.065140724182129
4.064412593841553
4.0675435066223145
4.066819667816162
4.066083908081055
4.065249919891357
4.064417362213135
4.069027900695801
4.06812858581543
4.0672149658203125
4.066408157348633
4.065269470214844
4.05088472366333
4.049779415130615
4.04865026473999
4.047473907470703
4.046727180480957
4.064988613128662
4.063938140869141
4.063483238220215
4.062834739685059
4.062071800231934
4.0534467697143555
4.052505016326904
4.051995277404785
4.051560401916504
4.051087856292725
4.04487943649292
4.044371604919434
4.04373025894165
4.0431227684021
4.042263031005859
4.055471897125244
4.054704666137695
4.053915023803711
4.053422451019287
4.052826881408691
4.0418524742126465
4.041085720062256
4.040514945983887
4.039864540100098
4.039101600646973
4.032343864440918
4.031900882720947
4.031179428100586
4.03061056137085
4.029773712158203
4.040039539337158
4.039234638214111
4.038535118103027
4.0379486083984375
4.037219524383545
4.029130935668945
4.028405666351318
4.0274658203125
4.026543617248535
4.0255126953125
4.017134666442871
4.016062259674072
4.014988422393799
4.014068603515625
4.013031482696533
4.020140171051025
4.018858909606934
4.018052101135254
4.017175197601318
4.016339302062988
4.021008014678955
4.0202555656433105
4.018754482269287
4.018749713897705
4.017902374267578
4.008234977722168
4.007467269897461
4.006477355957031
4.005736827850342
4.004922866821289
4.012598514556885
4.011923789978027
4.011157035827637
4.010572910308838
4.009894371032715
4.013972282409668
4.013394832611084
4.012832164764404
4.012241363525391
4.011542797088623
3.998021364212036
3.9973137378692627
3.9965665340423584
3.9958291053771973
3.9950544834136963
3.990492582321167
3.9898595809936523
3.9889893531799316
3.9881062507629395
3.9873242378234863
4.011016845703125
4.010545253753662
4.009640216827393
4.009297847747803
4.008629322052002
3.9865307807922363
3.986053228378296
3.985405206680298
3.984769582748413
3.984116792678833
3.981450319290161
3.980701446533203
3.979964256286621
3.9791595935821533
3.978478193283081
3.9808197021484375
3.980058431625366
3.9792110919952393
3.9784092903137207
3.9774928092956543
3.9946298599243164
3.9937584400177
3.9928336143493652
3.992361068725586
3.991387367248535
3.9691455364227295
3.9683711528778076
3.967602491378784
3.9668307304382324
3.9660370349884033
3.962212562561035
3.9611873626708984
3.9602344036102295
3.9592037200927734
3.958172559738159
3.9701743125915527
3.969154119491577
3.9682273864746094
3.967383623123169
3.966585159301758
3.968658208847046
3.9684457778930664
3.967402935028076
3.9672369956970215
3.966562032699585
3.9602789878845215
3.959951162338257
3.9595749378204346
3.9590532779693604
3.9585676193237305
3.957277774810791
3.9568541049957275
3.9563100337982178
3.9556851387023926
3.955089569091797
3.9560465812683105
3.9553675651550293
3.9547388553619385
3.9541335105895996
3.953495740890503
3.938781976699829
3.9380123615264893
3.937100887298584
3.9360883235931396
3.9350996017456055
3.9499526023864746
3.948997735977173
3.94828200340271
3.9473400115966797
3.9465460777282715
3.9248147010803223
3.924021005630493
3.923191547393799
3.9220876693725586
3.920992851257324
3.9361989498138428
3.935281753540039
3.9341859817504883
3.9333159923553467
3.932267904281616
3.939300298690796
3.938213586807251
3.937246799468994
3.936256170272827
3.9351487159729004
3.9406702518463135
3.9395501613616943
3.93845272064209
3.93756103515625
3.936337947845459
3.9219233989715576
3.9211628437042236
3.920257329940796
3.9194278717041016
3.9188764095306396
3.9206957817077637
3.9199888706207275
3.9193601608276367
3.9187185764312744
3.917850971221924
3.923607349395752
3.9229307174682617
3.9221489429473877
3.921497106552124
3.92061185836792
3.9007935523986816
3.8998706340789795
3.8991458415985107
3.8984718322753906
3.897958278656006
3.899582624435425
3.8990721702575684
3.898452043533325
3.8978703022003174
3.8971073627471924
3.9342572689056396
3.9349896907806396
3.933016300201416
3.932560443878174
3.9320499897003174
3.907222032546997
3.9068896770477295
3.9063453674316406
3.9058220386505127
3.9046475887298584
3.9146029949188232
3.9138643741607666
3.913409471511841
3.9126720428466797
3.911961317062378
3.8944742679595947
3.893709659576416
3.893249988555908
3.892632484436035
3.8921968936920166
3.8901047706604004
3.8895373344421387
3.888890504837036
3.888566255569458
3.8880157470703125
3.8888230323791504
3.8884401321411133
3.8878729343414307
3.8870441913604736
3.886620283126831
3.8772685527801514
3.8768320083618164
3.8762362003326416
3.8756065368652344
3.874948263168335
3.8947954177856445
3.894359588623047
3.894010305404663
3.893855094909668
3.8936867713928223
3.88195538520813
3.881770372390747
3.8815646171569824
3.8814241886138916
3.880777359008789
3.8783273696899414
3.8777177333831787
3.876995086669922
3.8762855529785156
3.87553071975708
3.8811123371124268
3.8803064823150635
3.879779577255249
3.8789522647857666
3.8784022331237793
3.874319314956665
3.873835563659668
3.8734214305877686
3.873067617416382
3.872598171234131
3.8748905658721924
3.874220132827759
3.873814344406128
3.8728628158569336
3.872539758682251
3.8790059089660645
3.878413200378418
3.8778796195983887
3.877493143081665
3.876971483230591
3.858186721801758
3.8577282428741455
3.8572022914886475
3.8567521572113037
3.8562111854553223
3.8607261180877686
3.8606135845184326
3.860276937484741
3.8599014282226562
3.859445571899414
3.856362819671631
3.8557562828063965
3.8552334308624268
3.8547070026397705
3.8541054725646973
3.8530569076538086
3.8523271083831787
3.8517343997955322
3.8510913848876953
3.8501787185668945
3.839073419570923
3.8381922245025635
3.8371777534484863
3.836245059967041
3.835336685180664
3.8620409965515137
3.8611745834350586
3.860305070877075
3.8594303131103516
3.858635663986206
3.8354849815368652
3.83453631401062
3.8338005542755127
3.8330345153808594
3.8321449756622314
3.8953115940093994
3.8945183753967285
3.893526792526245
3.8934521675109863
3.8928754329681396
3.8502085208892822
3.850914478302002
3.8496367931365967
3.849821090698242
3.8488426208496094
3.8883798122406006
3.88798189163208
3.8871943950653076
3.8864195346832275
3.886287212371826
3.8292062282562256
3.8288443088531494
3.828660488128662
3.828145742416382
3.8275887966156006
3.8346152305603027
3.834021806716919
3.833327054977417
3.8325507640838623
3.8316659927368164
3.8280811309814453
3.8275766372680664
3.826098918914795
3.825293779373169
3.824507474899292
3.8196284770965576
3.818920612335205
3.8181581497192383
3.8173911571502686
3.816704273223877
3.8578033447265625
3.8572540283203125
3.8575594425201416
3.8566625118255615
3.856254816055298
3.815371513366699
3.8149726390838623
3.8145854473114014
3.8140599727630615
3.8137357234954834
3.815646171569824
3.8094732761383057
3.804391384124756
3.803990602493286
3.80375337600708
3.827263593673706
3.8269691467285156
3.8267416954040527
3.82645320892334
3.826169967651367
3.835394859313965
3.8349075317382812
3.8339202404022217
3.8320510387420654
3.8296821117401123
3.7949087619781494
3.7947325706481934
3.794259548187256
3.793982744216919
3.7936863899230957
3.82877254486084
3.8287675380706787
3.8283450603485107
3.8281259536743164
3.8278868198394775
3.8235321044921875
3.8231101036071777
3.8229188919067383
3.822439432144165
3.821920871734619
3.824040412902832
3.823637008666992
3.8229970932006836
3.8226616382598877
3.8221516609191895
3.803903341293335
3.803309202194214
3.8026041984558105
3.8020741939544678
3.801361083984375
3.827004909515381
3.826597213745117
3.8260085582733154
3.82527756690979
3.824833393096924
3.8092410564422607
3.808816909790039
3.808462381362915
3.8079092502593994
3.807583808898926
3.809741973876953
3.8090879917144775
3.808919906616211
3.808519124984741
3.808025598526001
3.79778790473938
3.7973530292510986
3.7972168922424316
3.796745777130127
3.796294689178467
3.7971112728118896
3.796922206878662
3.7962806224823
3.795654535293579
3.7950539588928223
3.79203462600708
3.7913875579833984
3.790943145751953
3.7902848720550537
3.7895684242248535
3.797327995300293
3.796395778656006
3.795661687850952
3.7950875759124756
3.7944493293762207
3.7720723152160645
3.771831512451172
3.7710819244384766
3.7701661586761475
3.770090103149414
3.782163619995117
3.781724452972412
3.780881643295288
3.780071258544922
3.779918909072876
3.8017473220825195
3.8012540340423584
3.800565719604492
3.800100088119507
3.8000917434692383
3.765627861022949
3.7651360034942627
3.764690637588501
3.76406192779541
3.7634804248809814
3.7706127166748047
3.770055055618286
3.769984483718872
3.76949143409729
3.7692484855651855
3.8057920932769775
3.806138515472412
3.806347608566284
3.8058671951293945
3.804814577102661
3.791790723800659
3.7862582206726074
3.7846603393554688
3.7839412689208984
3.7838714122772217
3.7725300788879395
3.772700548171997
3.7726428508758545
3.772792100906372
3.77268385887146
3.8190245628356934
3.8190746307373047
3.8189749717712402
3.818972587585449
3.8187968730926514
3.7810933589935303
3.7807748317718506
3.780613660812378
3.780402898788452
3.780134916305542
3.796151876449585
3.795818328857422
3.795705795288086
3.795682191848755
3.795226573944092
3.7867088317871094
3.786510467529297
3.786393404006958
3.7861671447753906
3.7859902381896973
3.7561533451080322
3.755898952484131
3.7554891109466553
3.7550017833709717
3.7544941902160645
3.7482001781463623
3.7477848529815674
3.7473061084747314
3.747044563293457
3.7466752529144287
3.8107030391693115
3.810565233230591
3.8095710277557373
3.809750556945801
3.8095808029174805
3.759342670440674
3.7590584754943848
3.7589290142059326
3.7586188316345215
3.758349657058716
3.777047634124756
3.7766668796539307
3.776228904724121
3.775918483734131
3.775700569152832
3.744291067123413
3.7437546253204346
3.743303060531616
3.742821216583252
3.7421913146972656
3.7803640365600586
3.779913902282715
3.779639959335327
3.779144525527954
3.7788383960723877
3.7586185932159424
3.758017063140869
3.7574849128723145
3.7572014331817627
3.7566258907318115
3.7922677993774414
3.7912135124206543
3.791614532470703
3.7930586338043213
3.791527271270752
3.741934299468994
3.7418205738067627
3.7416083812713623
3.7414450645446777
3.7413909435272217
3.771479845046997
3.7712690830230713
3.7695682048797607
3.770620107650757
3.7678799629211426
3.754335641860962
3.7548255920410156
3.75411319732666
3.7540621757507324
3.753843069076538
3.7508325576782227
3.750732421875
3.7513434886932373
3.7504677772521973
3.7504167556762695
3.748378038406372
3.7482969760894775
3.747755765914917
3.7475900650024414
3.7470076084136963
3.729689121246338
3.7293314933776855
3.7287728786468506
3.7281620502471924
3.7279300689697266
3.7343461513519287
3.733062505722046
3.733067512512207
3.731891632080078
3.7319610118865967
3.753458023071289
3.7527740001678467
3.750995635986328
3.751002550125122
3.7498788833618164
3.7282540798187256
3.7274587154388428
3.7271459102630615
3.726316213607788
3.725458860397339
3.7402961254119873
3.739553213119507
3.7385799884796143
3.738252878189087
3.7378344535827637
3.729208469390869
3.726608991622925
3.72520112991333
3.723909378051758
3.723410129547119
3.6982789039611816
3.6974937915802
3.696657657623291
3.696429491043091
3.69537091255188
3.775599241256714
3.773737668991089
3.773775577545166
3.772939443588257
3.770589590072632
3.7464401721954346
3.745929718017578
3.746274709701538
3.7452266216278076
3.744687557220459
3.7166380882263184
3.716564893722534
3.7164227962493896
3.7159979343414307
3.716275930404663
3.7363827228546143
3.7333736419677734
3.710951089859009
3.7044644355773926
3.703817129135132
3.718313217163086
3.7180657386779785
3.7183756828308105
3.7167930603027344
3.717322826385498
3.726961612701416
3.726837158203125
3.727224826812744
3.7271370887756348
3.726438522338867
3.7240076065063477
3.7242159843444824
3.7235825061798096
3.7234010696411133
3.7236077785491943
3.7164106369018555
3.716423273086548
3.716184139251709
3.716085195541382
3.7157204151153564
3.7031166553497314
3.7033824920654297
3.7022793292999268
3.703103542327881
3.702094078063965
3.701206922531128
3.7006044387817383
3.7002742290496826
3.6994738578796387
3.7001953125
3.7147858142852783
3.7147183418273926
3.715500831604004
3.714951753616333
3.7148690223693848
3.718860387802124
3.7191221714019775
3.7183823585510254
3.718604564666748
3.7184741497039795
3.704218864440918
3.703798770904541
3.703890562057495
3.703516721725464
3.7030422687530518
3.7042899131774902
3.703723192214966
3.7030186653137207
3.7031800746917725
3.702878713607788
3.7453649044036865
3.7437686920166016
3.744279146194458
3.742159605026245
3.743583917617798
3.7175259590148926
3.7173514366149902
3.7176151275634766
3.7176082134246826
3.716496467590332
3.7029025554656982
3.70340633392334
3.7026920318603516
3.702941656112671
3.701983690261841
3.712772846221924
3.7123703956604004
3.7125093936920166
3.7119481563568115
3.7113122940063477
3.688535451889038
3.6879944801330566
3.687652587890625
3.687103748321533
3.6867058277130127
3.687480926513672
3.687650203704834
3.6875252723693848
3.6872308254241943
3.6845462322235107
3.723466157913208
3.723973035812378
3.723268508911133
3.7219924926757812
3.7220425605773926
3.6682379245758057
3.667732000350952
3.667330741882324
3.6666042804718018
3.6657893657684326
3.6689891815185547
3.6683411598205566
3.6677651405334473
3.667677879333496
3.667154550552368
3.7206501960754395
3.7212560176849365
3.719611644744873
3.719978094100952
3.719705820083618
3.6858749389648438
3.685500144958496
3.6844534873962402
3.6827971935272217
3.6843273639678955
3.705676794052124
3.704345703125
3.70399808883667
3.7045135498046875
3.703803062438965
3.6957895755767822
3.6957590579986572
3.6943607330322266
3.6948604583740234
3.6950199604034424
3.697342872619629
3.698089361190796
3.6972479820251465
3.6967859268188477
3.696835517883301
3.6982691287994385
3.697777509689331
3.6966583728790283
3.696786642074585
3.696049213409424
3.6689352989196777
3.6693079471588135
3.6680588722229004
3.6670961380004883
3.6664581298828125
3.6528360843658447
3.6527581214904785
3.6519436836242676
3.651857852935791
3.6511752605438232
3.6676838397979736
3.667118787765503
3.6671388149261475
3.666433811187744
3.665165424346924
3.6684987545013428
3.6681606769561768
3.6678011417388916
3.6672403812408447
3.6670188903808594
3.6654040813446045
3.6651265621185303
3.66605544090271
3.6641838550567627
3.6646077632904053
3.658679485321045
3.6582589149475098
3.658294916152954
3.6580703258514404
3.657487154006958
3.6746647357940674
3.6745872497558594
3.674612283706665
3.6735973358154297
3.6733648777008057
3.6526310443878174
3.6523470878601074
3.652292490005493
3.651890277862549
3.6515989303588867
3.6507034301757812
3.650146722793579
3.6505684852600098
3.6497421264648438
3.6498584747314453
3.6523454189300537
3.6518235206604004
3.651763677597046
3.6508350372314453
3.6507797241210938
3.6472928524017334
3.6473324298858643
3.6471002101898193
3.646744728088379
3.6465511322021484
3.6961257457733154
3.6992886066436768
3.6974148750305176
3.6981122493743896
3.696195125579834
3.6657159328460693
3.6646833419799805
3.665731430053711
3.6652021408081055
3.663926839828491
3.63649582862854
3.6362721920013428
3.6362035274505615
3.63647723197937
3.636305332183838
3.6456165313720703
3.645404577255249
3.645512819290161
3.644860029220581
3.6449577808380127
3.7095367908477783
3.701112985610962
3.6805062294006348
3.679344654083252
3.677849531173706
3.652099132537842
3.652853012084961
3.6521058082580566
3.6516451835632324
3.650820255279541
3.651552677154541
3.6507058143615723
3.650885820388794
3.650430917739868
3.6503844261169434
3.6843414306640625
3.68465518951416
3.683666467666626
3.6857316493988037
3.685405731201172
3.6985247135162354
3.6980082988739014
3.696397304534912
3.6967859268188477
3.6951699256896973
3.6781814098358154
3.6778006553649902
3.6777055263519287
3.677037000656128
3.677520275115967
3.6781678199768066
3.6778993606567383
3.6771798133850098
3.6772568225860596
3.6770644187927246
3.6384713649749756
3.63962459564209
3.6383020877838135
3.638155460357666
3.6376395225524902
3.6325182914733887
3.631967067718506
3.631990671157837
3.6314375400543213
3.6311681270599365
3.6541857719421387
3.654364824295044
3.653348445892334
3.6536951065063477
3.6533029079437256
3.65788197517395
3.657845973968506
3.6579182147979736
3.6574018001556396
3.6573681831359863
3.6424453258514404
3.642338752746582
3.6417407989501953
3.6419777870178223
3.641930103302002
3.627758026123047
3.626596450805664
3.627086639404297
3.6265816688537598
3.6272666454315186
3.6118404865264893
3.612313985824585
3.6118948459625244
3.61197566986084
3.61208176612854
3.6513938903808594
3.651160955429077
3.651372194290161
3.6510283946990967
3.6508193016052246
3.6231026649475098
3.6226699352264404
3.6226918697357178
3.6226906776428223
3.6221086978912354
3.6415817737579346
3.6402320861816406
3.640131711959839
3.6388723850250244
3.6395204067230225
3.6321299076080322
3.6315908432006836
3.6313509941101074
3.6304168701171875
3.6301724910736084
3.638853073120117
3.638425827026367
3.638089179992676
3.636944532394409
3.638469696044922
3.637502908706665
3.6362271308898926
3.635586977005005
3.635314464569092
3.6353042125701904
3.6479170322418213
3.6477928161621094
3.64823579788208
3.646182060241699
3.646829843521118
3.606731653213501
3.605802059173584
3.6064608097076416
3.605337381362915
3.6045703887939453
3.6202712059020996
3.6186671257019043
3.6188344955444336
3.6190454959869385
3.6186721324920654
3.641075372695923
3.6420624256134033
3.6382057666778564
3.6400136947631836
3.6392982006073
3.602844476699829
3.6027400493621826
3.6025233268737793
3.602658271789551
3.6021740436553955
3.642150402069092
3.6420159339904785
3.6415319442749023
3.6423869132995605
3.6418631076812744
3.6394808292388916
3.6388351917266846
3.639586925506592
3.638608455657959
3.639000415802002
3.6469051837921143
3.6484293937683105
3.647505283355713
3.6468453407287598
3.6465518474578857
3.631293773651123
3.6316440105438232
3.6315758228302
3.6310572624206543
3.6303822994232178
3.6482956409454346
3.647002935409546
3.6453652381896973
3.6461617946624756
3.6456966400146484
3.6335606575012207
3.6339364051818848
3.634345293045044
3.6343307495117188
3.6333718299865723
3.6308865547180176
3.6309280395507812
3.6320083141326904
3.6309964656829834
3.6303274631500244
3.6348493099212646
3.635835647583008
3.6336939334869385
3.634577751159668
3.6345677375793457
3.6382298469543457
3.638385772705078
3.6387317180633545
3.6374974250793457
3.6380021572113037
3.6580843925476074
3.657879590988159
3.6576995849609375
3.6581063270568848
3.6571333408355713
3.6201915740966797
3.619678497314453
3.619778871536255
3.6199517250061035
3.62048077583313
3.6341817378997803
3.6351404190063477
3.6342945098876953
3.6330316066741943
3.6350295543670654
3.6196017265319824
3.620030403137207
3.61934494972229
3.6203291416168213
3.6189095973968506
3.6132609844207764
3.6131432056427
3.6127266883850098
3.6126716136932373
3.612605571746826
3.6293282508850098
3.6303279399871826
3.629396677017212
3.6297402381896973
3.629328727722168
3.6231095790863037
3.622920513153076
3.623142719268799
3.622950315475464
3.622554063796997
3.633965015411377
3.633514642715454
3.633866786956787
3.633199691772461
3.6326913833618164
3.62618088722229
3.6260530948638916
3.624112129211426
3.6258907318115234
3.6253557205200195
3.6540653705596924
3.6539199352264404
3.654177188873291
3.654611349105835
3.6546387672424316
3.623716354370117
3.6239676475524902
3.62376070022583
3.6237242221832275
3.6235275268554688
3.6292665004730225
3.6276769638061523
3.6289448738098145
3.62884259223938
3.628103733062744
3.6252799034118652
3.6252269744873047
3.624663829803467
3.6253678798675537
3.624457836151123
3.637455463409424
3.6361770629882812
3.6364150047302246
3.6360154151916504
3.6343493461608887
3.6034512519836426
3.602987766265869
3.6035335063934326
3.6024084091186523
3.601560354232788
3.6254920959472656
3.625037670135498
3.6247498989105225
3.624697208404541
3.624293327331543
3.6148979663848877
3.6153743267059326
3.614694595336914
3.615139961242676
3.6153485774993896
3.626805543899536
3.6276047229766846
3.6266000270843506
3.6260573863983154
3.6259331703186035
3.609714984893799
3.6091597080230713
3.6088647842407227
3.608659267425537
3.608043670654297
3.602942943572998
3.601775884628296
3.601701498031616
3.6009116172790527
3.601283311843872
3.5994911193847656
3.5990240573883057
3.5991432666778564
3.5992398262023926
3.598646402359009
3.610710382461548
3.6109275817871094
3.6102938652038574
3.609722375869751
3.6095008850097656
3.6227943897247314
3.6222143173217773
3.6226606369018555
3.6209874153137207
3.6232426166534424
3.63761043548584
3.639137029647827
3.6392335891723633
3.6383488178253174
3.6380422115325928
3.615079164505005
3.61462140083313
3.614044666290283
3.614304542541504
3.6143832206726074
3.5699892044067383
3.570359706878662
3.5699548721313477
3.569077491760254
3.5693118572235107
3.5965402126312256
3.5952038764953613
3.596691131591797
3.5956170558929443
3.5950396060943604
3.6118314266204834
3.6130359172821045
3.61151385307312
3.611586570739746
3.610658645629883
3.5794451236724854
3.5797762870788574
3.5796217918395996
3.578895330429077
3.5790228843688965
3.5920331478118896
3.591048002243042
3.591684341430664
3.5917766094207764
3.5906498432159424
3.600503921508789
3.6008782386779785
3.60042667388916
3.601637601852417
3.5995452404022217
3.631216287612915
3.630558967590332
3.630502462387085
3.6307246685028076
3.629732608795166
3.644132375717163
3.643017530441284
3.643860340118408
3.643178939819336
3.6444520950317383
3.601557970046997
3.6005859375
3.5983588695526123
3.5969409942626953
3.5962777137756348
3.6023221015930176
3.6013996601104736
3.601956605911255
3.602205276489258
3.601930618286133
3.5901012420654297
3.59015154838562
3.5904946327209473
3.590292453765869
3.5901870727539062
3.5832176208496094
3.5801925659179688
3.581195116043091
3.5823092460632324
3.583040475845337
3.5577712059020996
3.5576720237731934
3.55770206451416
3.557356834411621
3.557219982147217
3.6040351390838623
3.6042399406433105
3.604243516921997
3.6030731201171875
3.6039879322052
3.6041550636291504
3.60286808013916
3.6032629013061523
3.6027984619140625
3.602243185043335
3.6083784103393555
3.6087212562561035
3.607822895050049
3.606520175933838
3.607234239578247
3.5653984546661377
3.566535472869873
3.5642683506011963
3.56472110748291
3.564906358718872
3.5621554851531982
3.562384843826294
3.5622363090515137
3.5617659091949463
3.561711311340332
3.5986225605010986
3.59779953956604
3.5977578163146973
3.597543478012085
3.5974481105804443
3.599491834640503
3.5998387336730957
3.5997121334075928
3.5998754501342773
3.5998973846435547
3.580519199371338
3.581317186355591
3.5816516876220703
3.580411434173584
3.5810952186584473
3.579468011856079
3.5797653198242188
3.580678701400757
3.5806915760040283
3.5795187950134277
3.5614912509918213
3.561210870742798
3.5601868629455566
3.5598957538604736
3.5600388050079346
3.562716484069824
3.5622878074645996
3.5616605281829834
3.5613174438476562
3.5619304180145264
3.5659875869750977
3.5651745796203613
3.5654947757720947
3.5648539066314697
3.565807342529297
3.5593326091766357
3.558990478515625
3.560027837753296
3.5599188804626465
3.5588696002960205
3.609870195388794
3.6066596508026123
3.611469030380249
3.606553554534912
3.606891393661499
3.5594286918640137
3.558880090713501
3.5595574378967285
3.559373617172241
3.5584874153137207
3.582785129547119
3.5824434757232666
3.5814921855926514
3.581660509109497
3.5814356803894043
3.564133644104004
3.564229726791382
3.564629316329956
3.5635769367218018
3.5640687942504883
3.578880548477173
3.5787997245788574
3.577758312225342
3.578065872192383
3.5791187286376953
3.6303229331970215
3.6310250759124756
3.62933087348938
3.6308538913726807
3.6293129920959473
3.590416431427002
3.590897560119629
3.592057704925537
3.5906667709350586
3.590398073196411
3.5591797828674316
3.5582571029663086
3.5583784580230713
3.558206558227539
3.557576894760132
3.573685884475708
3.573467969894409
3.5729823112487793
3.572103261947632
3.57190203666687
3.5643904209136963
3.5643930435180664
3.5639376640319824
3.563775062561035
3.5630948543548584
3.5364346504211426
3.5367040634155273
3.535519599914551
3.5352447032928467
3.5355825424194336
3.5884318351745605
3.5890698432922363
3.590109348297119
3.5870437622070312
3.58890962600708
3.5812997817993164
3.5814878940582275
3.581158399581909
3.581298351287842
3.5798442363739014
3.612536907196045
3.6118195056915283
3.611600875854492
3.611924171447754
3.611865520477295
3.5679686069488525
3.5684680938720703
3.567351818084717
3.567394971847534
3.5674479007720947
3.577096939086914
3.5762546062469482
3.575774908065796
3.5779125690460205
3.5763702392578125
3.583463668823242
3.583112955093384
3.58321213722229
3.5834248065948486
3.5824191570281982
3.572223663330078
3.571225643157959
3.5709996223449707
3.571779251098633
3.570333480834961
3.549665927886963
3.549036979675293
3.5492401123046875
3.54923415184021
3.549473285675049
3.5751919746398926
3.5750021934509277
3.5750129222869873
3.575888156890869
3.5752007961273193
3.5407378673553467
3.5409669876098633
3.5411646366119385
3.540919065475464
3.5410776138305664
3.5343432426452637
3.5344300270080566
3.5337600708007812
3.5332696437835693
3.534311294555664
3.573575019836426
3.5706253051757812
3.572194814682007
3.5711374282836914
3.571761131286621
3.5591795444488525
3.5589418411254883
3.558600902557373
3.5582613945007324
3.557835102081299
3.544271945953369
3.5438129901885986
3.5439624786376953
3.5440542697906494
3.5439891815185547
3.5416758060455322
3.5419111251831055
3.5411291122436523
3.5410220623016357
3.5414834022521973
3.5526890754699707
3.5517780780792236
3.551974296569824
3.5515382289886475
3.5510363578796387
3.537902593612671
3.537647247314453
3.5382444858551025
3.537975549697876
3.537963628768921
3.528742551803589
3.529172897338867
3.529085397720337
3.528542995452881
3.528763771057129
3.570655345916748
3.570051431655884
3.5698740482330322
3.57069730758667
3.570071220397949
3.5531375408172607
3.5523738861083984
3.552065372467041
3.5520248413085938
3.5526089668273926
3.5636789798736572
3.563312292098999
3.5620903968811035
3.562721014022827
3.561109781265259
3.5738680362701416
3.573133945465088
3.5734455585479736
3.573228597640991
3.572889566421509
3.5487403869628906
3.5486536026000977
3.548152446746826
3.5478012561798096
3.5472896099090576
3.55190110206604
3.5517404079437256
3.5505096912384033
3.551246404647827
3.5503439903259277
3.541506052017212
3.5425403118133545
3.5422778129577637
3.5405733585357666
3.5417492389678955
3.560249090194702
3.558861255645752
3.5593674182891846
3.557565212249756
3.5575826168060303
3.5460963249206543
3.544861078262329
3.5471715927124023
3.5465359687805176
3.546839714050293
3.5317907333374023
3.5308620929718018
3.5318970680236816
3.5307109355926514
3.53100323677063
3.533344268798828
3.533189058303833
3.533332347869873
3.5333075523376465
3.5328590869903564
3.565775156021118
3.566094160079956
3.5654196739196777
3.56518816947937
3.566051959991455
3.5110700130462646
3.511528968811035
3.510948419570923
3.5115244388580322
3.5107510089874268
3.5493083000183105
3.5477089881896973
3.549017906188965
3.547682046890259
3.547546625137329
3.554560661315918
3.5549628734588623
3.5549514293670654
3.553384304046631
3.55460786819458
3.565490484237671
3.565869092941284
3.5662312507629395
3.5663766860961914
3.565354347229004
3.5177252292633057
3.517160415649414
3.5172760486602783
3.516472578048706
3.5171549320220947
3.515338659286499
3.5161359310150146
3.515425443649292
3.515179395675659
3.515056610107422
3.541142702102661
3.5409092903137207
3.5417191982269287
3.541792869567871
3.540966272354126
3.5537984371185303
3.551496744155884
3.5526697635650635
3.552485466003418
3.5525712966918945
3.5673470497131348
3.567429304122925
3.566706418991089
3.5663046836853027
3.567028522491455
3.52998948097229
3.5309479236602783
3.5306923389434814
3.530261278152466
3.529914379119873
3.5101706981658936
3.5102181434631348
3.5093228816986084
3.5093576908111572
3.508998155593872
3.566753387451172
3.5657711029052734
3.5646097660064697
3.5643715858459473
3.565375566482544
3.5200817584991455
3.5202136039733887
3.5204312801361084
3.5201942920684814
3.5199031829833984
3.538541316986084
3.538945436477661
3.5391132831573486
3.5378258228302
3.53678560256958
3.550199508666992
3.5505762100219727
3.5502688884735107
3.5500543117523193
3.55055570602417
3.535492181777954
3.5354433059692383
3.536156177520752
3.535977602005005
3.5349316596984863
3.5358760356903076
3.5363473892211914
3.5350821018218994
3.5352418422698975
3.5359318256378174
3.5326366424560547
3.5329012870788574
3.5326759815216064
3.5327463150024414
3.5325767993927
3.499953508377075
3.499708890914917
3.499788284301758
3.4994404315948486
3.4997127056121826
3.5213942527770996
3.5217392444610596
3.5218260288238525
3.5210633277893066
3.5209600925445557
3.504168748855591
3.5046193599700928
3.5042476654052734
3.504261016845703
3.504194736480713
3.5184686183929443
3.517503023147583
3.5162193775177
3.5165867805480957
3.5179860591888428
3.5214788913726807
3.5204057693481445
3.520582914352417
3.5211572647094727
3.521505117416382
3.527862071990967
3.529111862182617
3.5281567573547363
3.528379440307617
3.5292255878448486
3.5565030574798584
3.5560309886932373
3.5561585426330566
3.555676221847534
3.5563712120056152
3.512181043624878
3.511242151260376
3.51143479347229
3.5123136043548584
3.511406183242798
3.521740674972534
3.5217745304107666
3.521432876586914
3.522808790206909
3.5228919982910156
3.5437822341918945
3.5437440872192383
3.543261766433716
3.543335199356079
3.543370246887207
3.518359661102295
3.5179505348205566
3.5179054737091064
3.5185868740081787
3.5184288024902344
3.5748119354248047
3.572697877883911
3.57391357421875
3.5725789070129395
3.5752456188201904
3.5405385494232178
3.5407791137695312
3.541515827178955
3.5385677814483643
3.5407543182373047
3.5274314880371094
3.530513286590576
3.5279688835144043
3.5285916328430176
3.529648542404175
3.558603048324585
3.557993173599243
3.558899164199829
3.558699369430542
3.5571300983428955
3.5174951553344727
3.5174899101257324
3.517704963684082
3.5170786380767822
3.5173988342285156
3.549057722091675
3.54911470413208
3.5483651161193848
3.54763126373291
3.5484890937805176
3.536252737045288
3.534684658050537
3.533780574798584
3.53595232963562
3.535888910293579
3.535860538482666
3.5359792709350586
3.5355803966522217
3.5360658168792725
3.5356500148773193
3.511728048324585
3.5116446018218994
3.5112509727478027
3.5108096599578857
3.511688709259033
3.5535929203033447
3.553401231765747
3.5539538860321045
3.5541770458221436
3.553236246109009
3.5015387535095215
3.5015039443969727
3.5010743141174316
3.501655340194702
3.501176595687866
3.5134477615356445
3.5138018131256104
3.51374888420105
3.513374090194702
3.513859272003174
3.5487022399902344
3.5472137928009033
3.5473835468292236
3.5456631183624268
3.5475056171417236
3.5721795558929443
3.5721750259399414
3.5735042095184326
3.572011709213257
3.5731520652770996
3.5621578693389893
3.5619125366210938
3.5622169971466064
3.561687469482422
3.5615687370300293
3.561162233352661
3.5629167556762695
3.5626208782196045
3.56276273727417
3.562331438064575
3.5207650661468506
3.520089626312256
3.518829345703125
3.5195839405059814
3.5194320678710938
3.5060365200042725
3.5061352252960205
3.505530834197998
3.505342960357666
3.5050017833709717
3.538881540298462
3.5386054515838623
3.5374186038970947
3.5372490882873535
3.537092447280884
3.5251684188842773
3.524846315383911
3.5237720012664795
3.5235815048217773
3.524164915084839
3.491619348526001
3.491987943649292
3.4920811653137207
3.4914252758026123
3.491185426712036
3.4991726875305176
3.4990148544311523
3.4993655681610107
3.499021291732788
3.4989864826202393
3.4788401126861572
3.4782907962799072
3.4782748222351074
3.478076457977295
3.478431463241577
3.529318332672119
3.5306525230407715
3.5298991203308105
3.5301995277404785
3.5297369956970215
3.5591676235198975
3.5570287704467773
3.544856548309326
3.5326731204986572
3.520160675048828
3.518366813659668
3.517833709716797
3.5167109966278076
3.5182101726531982
3.518282651901245
3.534766912460327
3.536835193634033
3.535661220550537
3.5350425243377686
3.535170316696167
3.520674228668213
3.5166757106781006
3.5177817344665527
3.5173425674438477
3.516885995864868
3.5367348194122314
3.5372989177703857
3.536763906478882
3.5369374752044678
3.5365965366363525
3.4942734241485596
3.4946208000183105
3.494126796722412
3.4945638179779053
3.4944021701812744
3.4830620288848877
3.483332872390747
3.483644723892212
3.482055425643921
3.482226610183716
3.498272180557251
3.4975578784942627
3.4978256225585938
3.4976563453674316
3.4974308013916016
3.530850648880005
3.5326087474823
3.532264232635498
3.5311625003814697
3.527618646621704
3.5438649654388428
3.542405366897583
3.543463706970215
3.5438060760498047
3.5429019927978516
3.504216432571411
3.5033626556396484
3.5033814907073975
3.5043158531188965
3.503389835357666
3.524977207183838
3.52439022064209
3.526376724243164
3.5254812240600586
3.5256729125976562
3.4996910095214844
3.499462604522705
3.499016284942627
3.4987385272979736
3.498501777648926
3.5016188621520996
3.5014374256134033
3.5005061626434326
3.502612352371216
3.5004560947418213
3.504817008972168
3.5055577754974365
3.505054235458374
3.50465989112854
3.5047848224639893
3.492705821990967
3.493107795715332
3.4947214126586914
3.493405342102051
3.4928977489471436
3.5085670948028564
3.507188320159912
3.509645938873291
3.5084750652313232
3.5086679458618164
3.5224242210388184
3.5221307277679443
3.522881507873535
3.52203631401062
3.5223934650421143
3.5287458896636963
3.5292534828186035
3.5303287506103516
3.529970407485962
3.5297024250030518
3.519404888153076
3.5198776721954346
3.519639730453491
3.520242691040039
3.520176887512207
3.5016634464263916
3.500636577606201
3.5027108192443848
3.502105236053467
3.5023081302642822
3.489348888397217
3.489863157272339
3.4894800186157227
3.4895524978637695
3.489607334136963
3.5419342517852783
3.5411229133605957
3.5422816276550293
3.5408639907836914
3.5399320125579834
3.526878833770752
3.5273661613464355
3.527409791946411
3.5279581546783447
3.5282819271087646
3.520378351211548
3.519836187362671
3.5213584899902344
3.5196151733398438
3.520268678665161
3.510746717453003
3.510683536529541
3.5105605125427246
3.5105464458465576
3.510533332824707
3.4873974323272705
3.488584041595459
3.4876346588134766
3.4872090816497803
3.489041805267334
3.5361826419830322
3.535841703414917
3.539693593978882
3.5357961654663086
3.536696195602417
3.4776153564453125
3.477764844894409
3.477341651916504
3.4778029918670654
3.477433443069458
3.556002140045166
3.5565733909606934
3.557007074356079
3.5559158325195312
3.5545058250427246
3.587693929672241
3.5848777294158936
3.5900938510894775
3.586840867996216
3.585994005203247
3.5111167430877686
3.510982036590576
3.509373426437378
3.5088694095611572
3.5098214149475098
3.5743234157562256
3.5730459690093994
3.5729570388793945
3.5739564895629883
3.573342800140381
3.503539800643921
3.503911018371582
3.503919839859009
3.5036542415618896
3.503899574279785
3.5106143951416016
3.509237766265869
3.509082794189453
3.5078701972961426
3.5105268955230713
3.500995397567749
3.5037996768951416
3.502730369567871
3.501840591430664
3.503141403198242
3.5077736377716064
3.5079848766326904
3.5082180500030518
3.508338689804077
3.508873701095581
3.5023036003112793
3.500877618789673
3.5013341903686523
3.5019607543945312
3.5008316040039062
3.523653984069824
3.522954225540161
3.523184061050415
3.5234241485595703
3.5230841636657715
3.5012383460998535
3.5013391971588135
3.5012400150299072
3.5016965866088867
3.5026519298553467
3.527851104736328
3.526615858078003
3.5277259349823
3.5278007984161377
3.5280725955963135
3.4992597103118896
3.499587059020996
3.500084400177002
3.5005428791046143
3.4997260570526123
3.551771402359009
3.5539093017578125
3.5544402599334717
3.555391788482666
3.554792881011963
3.5610804557800293
3.5610783100128174
3.5610756874084473
3.5630033016204834
3.561725616455078
3.501746654510498
3.50166916847229
3.501584768295288
3.5021169185638428
3.5022757053375244
3.473881244659424
3.4745090007781982
3.4737253189086914
3.4739081859588623
3.4739348888397217
3.483227491378784
3.4837822914123535
3.4829859733581543
3.483705520629883
3.4834585189819336
3.5175509452819824
3.5175423622131348
3.5169336795806885
3.517700672149658
3.5185699462890625
3.5366992950439453
3.5372872352600098
3.5370466709136963
3.5367836952209473
3.537079334259033
3.5023605823516846
3.501967191696167
3.5016093254089355
3.5023298263549805
3.502368927001953
3.516859292984009
3.5161194801330566
3.5163733959198
3.5152499675750732
3.515395164489746
3.525221347808838
3.5238654613494873
3.525235652923584
3.523470163345337
3.524406671524048
3.5002551078796387
3.5005667209625244
3.50028920173645
3.499871253967285
3.498871326446533
3.5273478031158447
3.5273265838623047
3.5267865657806396
3.5270798206329346
3.526827335357666
3.5660459995269775
3.561175584793091
3.5545520782470703
3.550196647644043
3.5472545623779297
3.4985718727111816
3.498197555541992
3.4984710216522217
3.4980363845825195
3.4974730014801025
3.5567128658294678
3.555734872817993
3.556161642074585
3.555577278137207
3.5553221702575684
3.5192646980285645
3.5182034969329834
3.5193233489990234
3.517498254776001
3.517824172973633
3.5162875652313232
3.5158190727233887
3.5176026821136475
3.5152909755706787
3.5185532569885254
3.4978296756744385
3.4976067543029785
3.497687816619873
3.4972188472747803
3.496788263320923
3.484980344772339
3.4851064682006836
3.485210418701172
3.4846503734588623
3.4847140312194824
3.4924957752227783
3.4915611743927
3.4931278228759766
3.492311954498291
3.492274045944214
3.4822442531585693
3.471240758895874
3.4664652347564697
3.4671390056610107
3.4663116931915283
3.535264730453491
3.530869483947754
3.5341155529022217
3.5294034481048584
3.5368690490722656
3.479039430618286
3.478480339050293
3.4789257049560547
3.4785995483398438
3.478120803833008
3.516895055770874
3.5143051147460938
3.5149710178375244
3.5153098106384277
3.516991138458252
3.4954636096954346
3.4949750900268555
3.4946446418762207
3.494596481323242
3.4941084384918213
3.5111637115478516
3.507948398590088
3.5085792541503906
3.5076630115509033
3.50933575630188
3.507378101348877
3.508748769760132
3.5067994594573975
3.507434606552124
3.5071418285369873
3.49135422706604
3.4925696849823
3.4908933639526367
3.491168975830078
3.4914960861206055
3.5006942749023438
3.5019614696502686
3.500331163406372
3.5013794898986816
3.5020899772644043
3.5211312770843506
3.5212454795837402
3.520843744277954
3.518859386444092
3.5200979709625244
3.539285659790039
3.540079116821289
3.5389420986175537
3.5421605110168457
3.53769850730896
3.5195133686065674
3.518860340118408
3.5196924209594727
3.5191214084625244
3.51960825920105
3.524484872817993
3.5255303382873535
3.525693655014038
3.5236928462982178
3.5218019485473633
3.5196759700775146
3.518251657485962
3.518686056137085
3.5201148986816406
3.5214121341705322
3.487915515899658
3.4878735542297363
3.4872848987579346
3.488372802734375
3.4873669147491455
3.5056827068328857
3.5040273666381836
3.5036087036132812
3.50529146194458
3.5037801265716553
3.4958765506744385
3.4963319301605225
3.494861602783203
3.497100591659546
3.4956350326538086
3.497385263442993
3.4976720809936523
3.4988903999328613
3.497894525527954
3.4976963996887207
3.494934320449829
3.496020555496216
3.4959495067596436
3.4954068660736084
3.494597911834717
3.5060856342315674
3.505138874053955
3.5060160160064697
3.5042543411254883
3.506279706954956
3.4670767784118652
3.46697735786438
3.4668891429901123
3.4676272869110107
3.466219902038574
3.5317044258117676
3.5287978649139404
3.5303547382354736
3.5297353267669678
3.530545711517334
3.476635694503784
3.477747917175293
3.47707200050354
3.476623296737671
3.4763994216918945
3.4794068336486816
3.4776721000671387
3.4778387546539307
3.4782822132110596
3.4786250591278076
3.4977569580078125
3.4999849796295166
3.496992349624634
3.4985721111297607
3.496302366256714
3.4648308753967285
3.465228796005249
3.464869737625122
3.4647936820983887
3.464860677719116
3.4721291065216064
3.4722166061401367
3.4722135066986084
3.471583366394043
3.4714953899383545
3.486466884613037
3.4866092205047607
3.4864768981933594
3.4863157272338867
3.486332893371582
3.479278326034546
3.478938102722168
3.4795522689819336
3.479315757751465
3.478839874267578
3.4874441623687744
3.488760471343994
3.488967180252075
3.4893290996551514
3.4895758628845215
3.465850591659546
3.4663023948669434
3.4646646976470947
3.464869260787964
3.4648966789245605
3.467881441116333
3.4677555561065674
3.4671640396118164
3.4685490131378174
3.4682934284210205
3.5087876319885254
3.508051633834839
3.5073485374450684
3.5078554153442383
3.5076801776885986
3.4911272525787354
3.493427038192749
3.492276668548584
3.492417812347412
3.491238832473755
3.4998538494110107
3.500065326690674
3.499311923980713
3.500684976577759
3.499396562576294
3.4868853092193604
3.488393545150757
3.4887776374816895
3.4882943630218506
3.487004518508911
3.524808168411255
3.523129940032959
3.523240804672241
3.5240824222564697
3.525862693786621
3.492271661758423
3.4906649589538574
3.491041660308838
3.491487741470337
3.4916861057281494
3.4752540588378906
3.4753589630126953
3.474691390991211
3.475311756134033
3.474954843521118
3.4402806758880615
3.4407994747161865
3.4405269622802734
3.4401965141296387
3.441016912460327
3.525010585784912
3.5181846618652344
3.5206196308135986
3.520385265350342
3.5236613750457764
3.4602208137512207
3.460761308670044
3.4608349800109863
3.461092710494995
3.4606974124908447
3.505232810974121
3.505357503890991
3.505600690841675
3.507296323776245
3.5048773288726807
3.4790046215057373
3.4788646697998047
3.479495048522949
3.479541778564453
3.4790666103363037
3.493379831314087
3.4937212467193604
3.493558883666992
3.4954445362091064
3.4947409629821777
3.444140672683716
3.4450340270996094
3.444847822189331
3.4442622661590576
3.4453094005584717
3.5758090019226074
3.569923162460327
3.541957378387451
3.498358726501465
3.4939751625061035
3.467679023742676
3.466770648956299
3.467599868774414
3.467031240463257
3.467099666595459
3.463752508163452
3.463054895401001
3.464066743850708
3.464611768722534
3.4635231494903564
3.485628366470337
3.4850237369537354
3.483515739440918
3.483827829360962
3.483600616455078
3.502086639404297
3.501614809036255
3.5021750926971436
3.5024032592773438
3.5033323764801025
3.4844305515289307
3.4840452671051025
3.4851367473602295
3.484257936477661
3.4841794967651367
3.4884283542633057
3.4890222549438477
3.4884443283081055
3.4889509677886963
3.489072799682617
3.530355215072632
3.531536102294922
3.530669927597046
3.531841516494751
3.5318100452423096
3.4350979328155518
3.4352972507476807
3.4355709552764893
3.43485426902771
3.434800148010254
3.4951796531677246
3.4944772720336914
3.4948554039001465
3.4945669174194336
3.4940733909606934
3.5370993614196777
3.539538860321045
3.538684844970703
3.538048505783081
3.5402510166168213
3.481680154800415
3.481565475463867
3.4826130867004395
3.480350971221924
3.4817137718200684
3.466554880142212
3.4656424522399902
3.4649810791015625
3.4668760299682617
3.4638774394989014
3.4800994396209717
3.4807331562042236
3.480278968811035
3.480114698410034
3.4802067279815674
3.473691463470459
3.473129987716675
3.4728386402130127
3.4726340770721436
3.471972942352295
3.4729089736938477
3.4729461669921875
3.473432779312134
3.472538948059082
3.472545623779297
3.4897027015686035
3.488842248916626
3.488424062728882
3.489252805709839
3.4888150691986084
3.498216390609741
3.4984288215637207
3.496900796890259
3.4971001148223877
3.497410774230957
3.481050729751587
3.480638027191162
3.4812774658203125
3.4808948040008545
3.4804039001464844
3.478926658630371
3.478524923324585
3.4783008098602295
3.47832989692688
3.4791789054870605
3.5165762901306152
3.51723313331604
3.5153069496154785
3.516627788543701
3.517430543899536
3.4378182888031006
3.4386508464813232
3.4385149478912354
3.4378416538238525
3.437201976776123
3.4816300868988037
3.480865955352783
3.480700731277466
3.4804346561431885
3.4807655811309814
3.520461082458496
3.5204391479492188
3.5204784870147705
3.519050121307373
3.519350290298462
3.514254093170166
3.5124056339263916
3.5100948810577393
3.512810707092285
3.5119051933288574
3.4812095165252686
3.479112386703491
3.477027654647827
3.47926926612854
3.479198932647705
3.543706178665161
3.5451176166534424
3.544343948364258
3.545097827911377
3.545607805252075
3.4549381732940674
3.454404592514038
3.454835891723633
3.4544637203216553
3.4548933506011963
3.4449408054351807
3.446467161178589
3.4455809593200684
3.4454541206359863
3.446201801300049
3.4911458492279053
3.490790605545044
3.492685317993164
3.4927003383636475
3.492098331451416
3.4529623985290527
3.4539594650268555
3.4527454376220703
3.4532625675201416
3.4533209800720215
3.5065736770629883
3.5067272186279297
3.5066096782684326
3.504664659500122
3.504718065261841
3.510518789291382
3.5076658725738525
3.5052638053894043
3.508378267288208
3.5069029331207275
3.4567997455596924
3.4565300941467285
3.4564807415008545
3.4559502601623535
3.4566383361816406
3.5131609439849854
3.514286518096924
3.5127832889556885
3.51241397857666
3.5118751525878906
3.4872055053710938
3.486743688583374
3.487238645553589
3.487919330596924
3.4872279167175293
3.4686357975006104
3.469633102416992
3.467146635055542
3.467083692550659
3.4672327041625977
3.452115535736084
3.4514646530151367
3.451470375061035
3.451605796813965
3.4520444869995117
3.4604368209838867
3.4602456092834473
3.4592063426971436
3.460768699645996
3.4618988037109375
3.4577841758728027
3.4581151008605957
3.4583964347839355
3.456968069076538
3.4570305347442627
3.4656565189361572
3.466294288635254
3.465641498565674
3.466082811355591
3.4654974937438965
3.4678454399108887
3.467658042907715
3.4678807258605957
3.468266010284424
3.4681057929992676
3.5114104747772217
3.512396812438965
3.5123302936553955
3.5110247135162354
3.5105068683624268
3.4512224197387695
3.4509646892547607
3.4509530067443848
3.4517934322357178
3.4511477947235107
3.485086441040039
3.484588623046875
3.4827020168304443
3.481921911239624
3.4841995239257812
3.4923415184020996
3.493727684020996
3.490628957748413
3.4924240112304688
3.493068218231201
3.4835727214813232
3.4830121994018555
3.483640193939209
3.482512950897217
3.4833157062530518
3.470926523208618
3.4714064598083496
3.4712021350860596
3.4706192016601562
3.4699649810791016
3.445669412612915
3.4446659088134766
3.441044330596924
3.440192699432373
3.4407906532287598
3.4844095706939697
3.485067844390869
3.483858108520508
3.484558343887329
3.484823703765869
3.452639579772949
3.4534454345703125
3.4537816047668457
3.453591823577881
3.452664852142334
3.4868359565734863
3.4880552291870117
3.4885900020599365
3.487297296524048
3.4878368377685547
3.469191312789917
3.4689579010009766
3.469148874282837
3.4694764614105225
3.469383716583252
3.479058027267456
3.478012800216675
3.4788293838500977
3.4776546955108643
3.47926926612854
3.7372055053710938
3.753919839859009
3.745863437652588
3.7377307415008545
3.748971939086914
3.4304158687591553
3.4298789501190186
3.430042028427124
3.4305293560028076
3.4289462566375732
3.4791789054870605
3.4787468910217285
3.479271411895752
3.478466749191284
3.4787395000457764
3.499206781387329
3.494138717651367
3.4969711303710938
3.4938158988952637
3.4850213527679443
3.5212881565093994
3.462048292160034
3.441199779510498
3.4416725635528564
3.4426188468933105
3.4974498748779297
3.4988863468170166
3.4978201389312744
3.498711347579956
3.4983930587768555
3.4936258792877197
3.490654468536377
3.489661693572998
3.491978406906128
3.49104905128479
3.4634461402893066
3.463271141052246
3.4634134769439697
3.4639439582824707
3.4629340171813965
3.4442667961120605
3.4437825679779053
3.443877935409546
3.4442923069000244
3.443406105041504
3.446453094482422
3.4463114738464355
3.4457406997680664
3.445819616317749
3.4453935623168945
3.45735764503479
3.4588873386383057
3.4590938091278076
3.4584696292877197
3.4573962688446045
3.4478442668914795
3.44832181930542
3.4477553367614746
3.447397232055664
3.4480245113372803
3.4655237197875977
3.4660606384277344
3.466625213623047
3.466242551803589
3.464879274368286
3.4748363494873047
3.4744136333465576
3.473781108856201
3.4750332832336426
3.473032236099243
3.4826982021331787
3.479832172393799
3.4791855812072754
3.4786033630371094
3.4800608158111572
3.4752838611602783
3.476818561553955
3.475705623626709
3.474806308746338
3.4749608039855957
3.429856777191162
3.429469585418701
3.4282054901123047
3.430272340774536
3.4301412105560303
3.444178581237793
3.445129871368408
3.4453251361846924
3.4451184272766113
3.4453284740448
3.439236879348755
3.43973970413208
3.438815116882324
3.438544988632202
3.438786268234253
3.4429240226745605
3.441274404525757
3.4415462017059326
3.442026138305664
3.441408634185791
3.4263298511505127
3.4263126850128174
3.4255423545837402
3.4255483150482178
3.4255597591400146
3.4496850967407227
3.4488377571105957
3.448819398880005
3.449596881866455
3.4483001232147217
3.467682361602783
3.4676427841186523
3.468080520629883
3.467156171798706
3.4662883281707764
3.4295856952667236
3.4306564331054688
3.4305310249328613
3.4304301738739014
3.4309513568878174
3.433408260345459
3.4337270259857178
3.43327260017395
3.4328317642211914
3.4327476024627686
3.444016456604004
3.443852424621582
3.4433908462524414
3.443349838256836
3.443406343460083
3.5131986141204834
3.5138025283813477
3.5160017013549805
3.515214443206787
3.5160903930664062
3.4121358394622803
3.4122297763824463
3.4122681617736816
3.4116623401641846
3.412391185760498
3.4564430713653564
3.4555904865264893
3.4548933506011963
3.4543120861053467
3.456655979156494
3.470506191253662
3.4711761474609375
3.4717953205108643
3.470310926437378
3.4714293479919434
3.450688362121582
3.4518253803253174
3.4503560066223145
3.4508469104766846
3.450944185256958
3.439814805984497
3.4396111965179443
3.4394125938415527
3.43928861618042
3.438955545425415
3.4694314002990723
3.4690637588500977
3.467895269393921
3.467485189437866
3.4681167602539062
3.512070655822754
3.5109667778015137
3.511584758758545
3.5114810466766357
3.5111236572265625
3.492466926574707
3.491305351257324
3.491903066635132
3.492111921310425
3.4924821853637695
3.4267139434814453
3.4276111125946045
3.4273462295532227
3.427114486694336
3.4272778034210205
3.4426093101501465
3.4425559043884277
3.442296266555786
3.4432077407836914
3.4413340091705322
3.4624392986297607
3.463057518005371
3.462507486343384
3.4628026485443115
3.461010217666626
3.473489761352539
3.472147226333618
3.472123622894287
3.473525285720825
3.471656560897827
3.4225528240203857
3.422377586364746
3.422236919403076
3.4216225147247314
3.4221560955047607
3.4466331005096436
3.445193290710449
3.445669174194336
3.4453792572021484
3.4450345039367676
3.409252882003784
3.409135103225708
3.4089536666870117
3.4086904525756836
3.4090006351470947
3.4264237880706787
3.4256093502044678
3.4254605770111084
3.4261252880096436
3.426495313644409
3.4318103790283203
3.4316272735595703
3.4324028491973877
3.4308173656463623
3.4307751655578613
3.485539197921753
3.4846253395080566
3.4850151538848877
3.484851360321045
3.4843602180480957
3.489403486251831
3.4917168617248535
3.4940080642700195
3.491988182067871
3.4919137954711914
3.444188356399536
3.4441657066345215
3.4441215991973877
3.444147825241089
3.444885015487671
3.4827098846435547
3.4838948249816895
3.4814891815185547
3.482525110244751
3.483208417892456
3.4336812496185303
3.432698965072632
3.432486057281494
3.432358980178833
3.4328646659851074
3.4246559143066406
3.4247264862060547
3.424222707748413
3.42547607421875
3.4238290786743164
3.4483702182769775
3.4483423233032227
3.4486584663391113
3.4488141536712646
3.4487998485565186
3.450066566467285
3.450363874435425
3.449951171875
3.449540853500366
3.4503602981567383
3.4292328357696533
3.42990779876709
3.428879499435425
3.4295804500579834
3.428107738494873
3.455885887145996
3.453763961791992
3.455406665802002
3.454080581665039
3.4566659927368164
3.4703640937805176
3.4720518589019775
3.472525119781494
3.4722771644592285
3.4710426330566406
3.417262554168701
3.417717218399048
3.4170446395874023
3.4168567657470703
3.4174301624298096
3.524017095565796
3.5259974002838135
3.525122880935669
3.5246224403381348
3.518986225128174
3.440451145172119
3.439995050430298
3.437486171722412
3.4387717247009277
3.4407880306243896
3.4165637493133545
3.407972574234009
3.400106191635132
3.39983868598938
3.400097608566284
3.4625244140625
3.460860013961792
3.4622817039489746
3.463526964187622
3.4642531871795654
3.474928617477417
3.4750428199768066
3.475191116333008
3.4754292964935303
3.475684404373169
3.4231324195861816
3.422708511352539
3.4224653244018555
3.423130989074707
3.422999620437622
3.4377188682556152
3.4398586750030518
3.4391591548919678
3.4385507106781006
3.4391841888427734
3.481578826904297
3.481281042098999
3.4811558723449707
3.478695869445801
3.4779319763183594
3.471710205078125
3.4724414348602295
3.4719741344451904
3.4723410606384277
3.47214412689209
3.4685161113739014
3.4677796363830566
3.4678165912628174
3.4672985076904297
3.4676156044006348
3.4365673065185547
3.4357433319091797
3.4354946613311768
3.4355735778808594
3.4337751865386963
3.425875425338745
3.428269624710083
3.4294817447662354
3.427577495574951
3.425755262374878
3.4618170261383057
3.462102174758911
3.4627525806427
3.462073802947998
3.4638547897338867
3.478224039077759
3.457319974899292
3.457124948501587
3.4576730728149414
3.457519054412842
3.4393796920776367
3.4396586418151855
3.4396886825561523
3.4404265880584717
3.439507007598877
3.5270371437072754
3.5259509086608887
3.5255980491638184
3.5267772674560547
3.5260398387908936
3.4354164600372314
3.435256004333496
3.435359239578247
3.434945583343506
3.435570001602173
3.42950177192688
3.4293031692504883
3.429953098297119
3.4295413494110107
3.4290077686309814
3.4601502418518066
3.4611682891845703
3.4611055850982666
3.460876703262329
3.4601657390594482
3.3948535919189453
3.3953676223754883
3.394958019256592
3.3952441215515137
3.3952083587646484
3.4350337982177734
3.4337358474731445
3.434812545776367
3.433104991912842
3.4337079524993896
3.4786911010742188
3.4783341884613037
3.478311061859131
3.4781861305236816
3.4812633991241455
3.4717936515808105
3.4714157581329346
3.473266363143921
3.472079038619995
3.472139835357666
3.4506595134735107
3.4516305923461914
3.450106382369995
3.4518260955810547
3.450437545776367
3.4435596466064453
3.434941530227661
3.4267466068267822
3.4279866218566895
3.4273910522460938
3.451850414276123
3.4536025524139404
3.450767993927002
3.451244354248047
3.4523892402648926
3.4485526084899902
3.4475440979003906
3.4494917392730713
3.449235677719116
3.4487552642822266
3.4366812705993652
3.4370310306549072
3.4363181591033936
3.436894416809082
3.4368600845336914
3.435296058654785
3.4349920749664307
3.4350576400756836
3.4354114532470703
3.4350192546844482
3.415579080581665
3.415827989578247
3.4151344299316406
3.413696765899658
3.415034770965576
3.3929803371429443
3.3947224617004395
3.394087791442871
3.3931665420532227
3.3934619426727295
3.4215028285980225
3.422682046890259
3.422159433364868
3.4222095012664795
3.421398162841797
3.491947889328003
3.492966890335083
3.4916019439697266
3.491917848587036
3.4912989139556885
3.4702630043029785
3.4708199501037598
3.4702160358428955
3.4701385498046875
3.4699676036834717
3.4575164318084717
3.456935405731201
3.4553818702697754
3.457533121109009
3.457409381866455
3.477964401245117
3.480891466140747
3.4813334941864014
3.482309579849243
3.481800079345703
3.4386281967163086
3.4391939640045166
3.4370083808898926
3.437168598175049
3.439260959625244
3.4777352809906006
3.4761197566986084
3.4774317741394043
3.477116584777832
3.476717233657837
3.4606995582580566
3.460756778717041
3.4610848426818848
3.460737943649292
3.459721803665161
3.453205108642578
3.4532041549682617
3.4529731273651123
3.451866388320923
3.4530861377716064
3.456543445587158
3.456740617752075
3.4580752849578857
3.4573893547058105
3.457071304321289
3.4185121059417725
3.420997142791748
3.418891429901123
3.4203195571899414
3.419477939605713
3.5003018379211426
3.4991869926452637
3.499469041824341
3.5007846355438232
3.4999356269836426
3.4833269119262695
3.4842782020568848
3.485102415084839
3.4822030067443848
3.4827260971069336
3.475818634033203
3.477895975112915
3.4789888858795166
3.4800331592559814
3.4781506061553955
3.4149975776672363
3.4146616458892822
3.4155654907226562
3.414820909500122
3.4147884845733643
3.4457740783691406
3.4461138248443604
3.446591854095459
3.446159601211548
3.445385217666626
3.4425909519195557
3.441511869430542
3.4428374767303467
3.442561626434326
3.442121744155884
3.4782025814056396
3.476710557937622
3.476804256439209
3.4773268699645996
3.477186918258667
3.4720239639282227
3.470818042755127
3.471647024154663
3.4715027809143066
3.4716668128967285
3.4720022678375244
3.4742488861083984
3.4729673862457275
3.4739224910736084
3.474482297897339
3.476163864135742
3.4762725830078125
3.4772448539733887
3.4770431518554688
3.4773221015930176
3.5992038249969482
3.5977625846862793
3.5970277786254883
3.596118450164795
3.5974323749542236
3.5524473190307617
3.5535662174224854
3.5543370246887207
3.5520784854888916
3.5541210174560547
3.4469807147979736
3.4476218223571777
3.4473133087158203
3.4469804763793945
3.4470858573913574
3.4322681427001953
3.4319210052490234
3.4314754009246826
3.4322826862335205
3.4315028190612793
3.4424331188201904
3.441100835800171
3.442584991455078
3.44161057472229
3.441887140274048
3.4575819969177246
3.4569413661956787
3.4576170444488525
3.457374334335327
3.457573413848877
3.428288698196411
3.429347515106201
3.4275619983673096
3.4287517070770264
3.4292235374450684
3.489798069000244
3.488992214202881
3.489144802093506
3.488368272781372
3.488708019256592
3.433048725128174
3.4220046997070312
3.412740707397461
3.4135947227478027
3.4119653701782227
3.5485098361968994
3.552126169204712
3.5449252128601074
3.548344612121582
3.546327829360962
3.4549384117126465
3.456484079360962
3.4547195434570312
3.4560458660125732
3.4555728435516357
3.4690101146698
3.468785285949707
3.4684085845947266
3.468172550201416
3.4690582752227783
3.530980348587036
3.5289721488952637
3.5290720462799072
3.5300891399383545
3.5323050022125244
3.4298160076141357
3.430588960647583
3.4297220706939697
3.430903196334839
3.430211305618286
3.45351505279541
3.4528262615203857
3.4521842002868652
3.452746629714966
3.4524080753326416
3.427889823913574
3.427990198135376
3.427426815032959
3.427717447280884
3.427180051803589
3.453768014907837
3.45270037651062
3.4523792266845703
3.454136371612549
3.4534573554992676
3.4534964561462402
3.4542253017425537
3.453341245651245
3.4543204307556152
3.455502510070801
3.384474515914917
3.3842406272888184
3.3848459720611572
3.3837780952453613
3.3843841552734375
3.4184820652008057
3.419767379760742
3.419044256210327
3.4190714359283447
3.4197616577148438
3.465975046157837
3.4651198387145996
3.4648702144622803
3.464617967605591
3.4658098220825195
3.4098308086395264
3.4102089405059814
3.410304069519043
3.409759998321533
3.4093899726867676
3.463977813720703
3.46443510055542
3.463919162750244
3.4637601375579834
3.4638009071350098
3.4757227897644043
3.4767534732818604
3.4763317108154297
3.475346803665161
3.4746921062469482
3.4371895790100098
3.43705415725708
3.4362621307373047
3.4366397857666016
3.4363338947296143
3.489541530609131
3.484961748123169
3.486943006515503
3.485377550125122
3.4858548641204834
3.4220149517059326
3.421828269958496
3.4224462509155273
3.422180414199829
3.422614097595215
3.4412224292755127
3.4412150382995605
3.4412293434143066
3.4402427673339844
3.440972089767456
3.527132749557495
3.5274996757507324
3.5271313190460205
3.5275282859802246
3.5280046463012695
3.471418619155884
3.472193717956543
3.4720606803894043
3.471033811569214
3.472479820251465
3.4369635581970215
3.4362881183624268
3.4354960918426514
3.435610294342041
3.4352173805236816
3.4428927898406982
3.4422101974487305
3.441978931427002
3.44260311126709
3.442366600036621
3.465050458908081
3.4639298915863037
3.4636008739471436
3.4653429985046387
3.4635679721832275
3.4685916900634766
3.4668691158294678
3.4653475284576416
3.467711925506592
3.467580556869507
3.4525067806243896
3.450968027114868
3.4516162872314453
3.452500343322754
3.4525132179260254
3.446592330932617
3.4477803707122803
3.449191093444824
3.4482672214508057
3.4480974674224854
3.542267322540283
3.542102098464966
3.542109489440918
3.5421535968780518
3.5393970012664795
3.4177608489990234
3.417050838470459
3.4169180393218994
3.416856050491333
3.4172964096069336
3.4378161430358887
3.437669038772583
3.4380671977996826
3.4379429817199707
3.438488245010376
3.418386459350586
3.418400287628174
3.419095039367676
3.4181671142578125
3.417787790298462
3.44870662689209
3.4476873874664307
3.4482390880584717
3.4473471641540527
3.447577476501465
3.4568748474121094
3.4586243629455566
3.4578492641448975
3.457223653793335
3.4565470218658447
3.464768409729004
3.4647278785705566
3.464789628982544
3.465104818344116
3.465240955352783
3.410125494003296
3.4097721576690674
3.409372329711914
3.409717559814453
3.410386800765991
3.4582324028015137
3.457670211791992
3.459343433380127
3.45784330368042
3.4590091705322266
3.4360978603363037
3.4374170303344727
3.435044527053833
3.4366660118103027
3.4344699382781982
3.432508707046509
3.4308464527130127
3.4320285320281982
3.4297683238983154
3.4304754734039307
3.463061571121216
3.463531255722046
3.4648239612579346
3.4618680477142334
3.463315725326538
3.4400205612182617
3.4404053688049316
3.438720703125
3.4393117427825928
3.4387683868408203
3.4269180297851562
3.4261410236358643
3.4253010749816895
3.427464246749878
3.425658941268921
3.432708501815796
3.433361530303955
3.4329116344451904
3.434272289276123
3.4336767196655273
3.4783856868743896
3.477712869644165
3.4769182205200195
3.478940963745117
3.478116512298584
3.416666030883789
3.416372060775757
3.4165053367614746
3.4161434173583984
3.4161629676818848
3.3735010623931885
3.3731000423431396
3.3730862140655518
3.37264084815979
3.372859001159668
3.393918991088867
3.3947508335113525
3.3949170112609863
3.394447088241577
3.394591808319092
3.495596408843994
3.4943175315856934
3.496460437774658
3.4958579540252686
3.4954285621643066
3.4607625007629395
3.463198661804199
3.458937168121338
3.4600090980529785
3.4595656394958496
3.4994895458221436
3.4991586208343506
3.500492572784424
3.4999167919158936
3.4985556602478027
3.4351446628570557
3.436488389968872
3.4355051517486572
3.435986280441284
3.435370445251465
3.4156928062438965
3.4149608612060547
3.4164435863494873
3.4160847663879395
3.4163758754730225
3.456817865371704
3.456820249557495
3.45564341545105
3.4575250148773193
3.4588000774383545
3.442913055419922
3.443511962890625
3.443502902984619
3.442960023880005
3.4432151317596436
3.443441390991211
3.4396626949310303
3.442730665206909
3.4406826496124268
3.4428789615631104
3.4769246578216553
3.4765539169311523
3.4746639728546143
3.4765498638153076
3.4779632091522217
3.45884108543396
3.460498571395874
3.46014142036438
3.4598543643951416
3.4611151218414307
3.4771316051483154
3.476722240447998
3.4756267070770264
3.4749135971069336
3.4778237342834473
3.494337320327759
3.4941840171813965
3.4974803924560547
3.493582010269165
3.4955193996429443
3.4402689933776855
3.4394145011901855
3.4394543170928955
3.4399871826171875
3.439676284790039
3.417341709136963
3.4172565937042236
3.4174582958221436
3.415766954421997
3.416656017303467
3.4227914810180664
3.4218835830688477
3.422449827194214
3.422205924987793
3.4221882820129395
3.4293131828308105
3.430612087249756
3.4309329986572266
3.4305341243743896
3.4301252365112305
3.398651361465454
3.3993778228759766
3.3987743854522705
3.3995141983032227
3.398732900619507
3.4462785720825195
3.4452261924743652
3.446852922439575
3.4461257457733154
3.4471185207366943
3.3725924491882324
3.372703790664673
3.37213134765625
3.372086763381958
3.3722167015075684
3.4598350524902344
3.461395025253296
3.461534261703491
3.4604640007019043
3.457977533340454
3.4951815605163574
3.497110605239868
3.495907783508301
3.4941213130950928
3.4960899353027344
3.444561719894409
3.4449543952941895
3.4454925060272217
3.445667028427124
3.4440364837646484
3.418226957321167
3.419644594192505
3.4193272590637207
3.4188830852508545
3.4185569286346436
3.4638113975524902
3.465208053588867
3.4651706218719482
3.4655637741088867
3.4630820751190186
3.4387362003326416
3.437911033630371
3.4374587535858154
3.4366164207458496
3.4376606941223145
3.4086904525756836
3.408452033996582
3.4081180095672607
3.4084360599517822
3.40714430809021
3.4690566062927246
3.469961166381836
3.4718174934387207
3.472491979598999
3.470855236053467
3.473651647567749
3.4719839096069336
3.471019983291626
3.470783233642578
3.471137523651123
3.4060134887695312
3.4066503047943115
3.4078257083892822
3.4055237770080566
3.4057095050811768
3.432549238204956
3.4322478771209717
3.4329912662506104
3.43326997756958
3.4330849647521973
3.43882417678833
3.4395956993103027
3.43928861618042
3.4402530193328857
3.43896484375
3.492206573486328
3.490902900695801
3.49079966545105
3.491952896118164
3.492002248764038
3.448643445968628
3.4484684467315674
3.4486935138702393
3.448627471923828
3.447279453277588
3.525608539581299
3.531208038330078
3.531017541885376
3.524810552597046
3.5280871391296387
3.462317943572998
3.464102029800415
3.4641525745391846
3.463855028152466
3.464189291000366
3.4161086082458496
3.415966749191284
3.415720224380493
3.4164063930511475
3.4158012866973877
3.41646409034729
3.415846347808838
3.4168789386749268
3.416262626647949
3.4168541431427
3.455596685409546
3.455618143081665
3.455580234527588
3.455000162124634
3.4551198482513428
3.437596559524536
3.4389634132385254
3.436537981033325
3.4363389015197754
3.436927556991577
3.4438529014587402
3.43975830078125
3.4378130435943604
3.4398624897003174
3.438598871231079
3.4286410808563232
3.4292290210723877
3.429318904876709
3.429565668106079
3.4290666580200195
3.5123841762542725
3.514692544937134
3.5138134956359863
3.5120041370391846
3.513761043548584
3.438896894454956
3.4399635791778564
3.4395549297332764
3.439652442932129
3.4386110305786133
3.4251368045806885
3.4251043796539307
3.4254488945007324
3.4254093170166016
3.424180507659912
3.451242446899414
3.451904058456421
3.452277421951294
3.4527015686035156
3.452134132385254
3.405916929244995
3.4059619903564453
3.405958652496338
3.4059290885925293
3.4057281017303467
3.430847406387329
3.431882858276367
3.431593656539917
3.4338417053222656
3.4309794902801514
3.4255354404449463
3.4261105060577393
3.4252285957336426
3.4253532886505127
3.4242711067199707
3.474984645843506
3.472897529602051
3.4756617546081543
3.472404956817627
3.4724910259246826
3.4358339309692383
3.4360997676849365
3.4356184005737305
3.435767889022827
3.4363853931427
3.4529659748077393
3.453136920928955
3.4537181854248047
3.452357053756714
3.452479362487793
3.457197904586792
3.455838680267334
3.4571025371551514
3.4555137157440186
3.4572901725769043
3.400458574295044
3.3992772102355957
3.398930788040161
3.398712635040283
3.399962902069092
3.4537711143493652
3.45512318611145
3.4540412425994873
3.4547340869903564
3.4550716876983643
3.429567575454712
3.4302351474761963
3.4292585849761963
3.4298391342163086
3.4299306869506836
3.4225382804870605
3.422518014907837
3.422452211380005
3.4236574172973633
3.422325611114502
3.46635103225708
3.468982458114624
3.4680473804473877
3.469965696334839
3.467860460281372
3.4827733039855957
3.4824442863464355
3.4839975833892822
3.484602451324463
3.4826834201812744
3.434814453125
3.4378087520599365
3.434157371520996
3.434551954269409
3.4356114864349365
3.4154653549194336
3.413698196411133
3.4132421016693115
3.413928985595703
3.4133124351501465
3.481827974319458
3.482356071472168
3.482703685760498
3.4856083393096924
3.4802980422973633
3.4358792304992676
3.43564510345459
3.4359302520751953
3.4376978874206543
3.436657428741455
3.4163248538970947
3.4164741039276123
3.4168848991394043
3.415846347808838
3.4163291454315186
3.4452168941497803
3.444563150405884
3.446568489074707
3.446725845336914
3.445239305496216
3.422279119491577
3.419884204864502
3.421492099761963
3.42059063911438
3.4202449321746826
3.426079034805298
3.426229953765869
3.4260551929473877
3.4268221855163574
3.4256222248077393
3.3738467693328857
3.3748295307159424
3.37507700920105
3.3741443157196045
3.3744049072265625
3.484273672103882
3.483874559402466
3.4816372394561768
3.480158567428589
3.47825288772583
3.4475457668304443
3.445275068283081
3.445068597793579
3.445246458053589
3.4453086853027344
3.423675060272217
3.425062417984009
3.423447608947754
3.4221320152282715
3.4225780963897705
3.429892063140869
3.4285192489624023
3.4263031482696533
3.4309322834014893
3.4299840927124023
3.4323699474334717
3.4301202297210693
3.4342074394226074
3.4345085620880127
3.431755304336548
3.4851768016815186
3.4872334003448486
3.4855918884277344
3.4852211475372314
3.4854204654693604
3.4407036304473877
3.440537691116333
3.440734624862671
3.440396308898926
3.440109968185425
3.4390501976013184
3.43877911567688
3.4379663467407227
3.438115358352661
3.438530206680298
3.4006736278533936
3.4012575149536133
3.400346517562866
3.3991427421569824
3.39900279045105
3.4369378089904785
3.437239170074463
3.436647415161133
3.4369468688964844
3.4363129138946533
3.4333717823028564
3.434680938720703
3.4342832565307617
3.4345362186431885
3.434427261352539
3.4156272411346436
3.4156436920166016
3.415050506591797
3.415762424468994
3.4158849716186523
3.461404323577881
3.448021173477173
3.444023370742798
3.445436477661133
3.443655252456665
3.456278085708618
3.4544341564178467
3.4566922187805176
3.4574079513549805
3.4555225372314453
3.4355075359344482
3.434818983078003
3.436056613922119
3.43461275100708
3.4368410110473633
3.407087802886963
3.406182050704956
3.4062845706939697
3.406550168991089
3.4072699546813965
3.4379591941833496
3.436814546585083
3.43743896484375
3.437725305557251
3.437138795852661
3.430603504180908
3.4293148517608643
3.429368495941162
3.4293019771575928
3.4305312633514404
3.3991212844848633
3.400174856185913
3.3998324871063232
3.397238254547119
3.3993172645568848
3.4082653522491455
3.4078216552734375
3.408825397491455
3.4073984622955322
3.407956123352051
3.4299051761627197
3.4307308197021484
3.429939031600952
3.4303348064422607
3.4295239448547363
3.447476625442505
3.4476470947265625
3.4486236572265625
3.450021743774414
3.447324514389038
3.4825634956359863
3.4836084842681885
3.4824161529541016
3.4847142696380615
3.4819912910461426
3.392768144607544
3.393339157104492
3.392810821533203
3.393284797668457
3.3927254676818848
3.4376871585845947
3.4342470169067383
3.436647653579712
3.4310972690582275
3.4356632232666016
3.46883487701416
3.4691855907440186
3.4681873321533203
3.4662392139434814
3.466417074203491
3.4047982692718506
3.4050850868225098
3.4054362773895264
3.405695676803589
3.4051170349121094
3.427253007888794
3.4277608394622803
3.425743341445923
3.4271414279937744
3.4272847175598145
3.389860153198242
3.38965106010437
3.3891141414642334
3.3884050846099854
3.3894660472869873
3.4201242923736572
3.4208970069885254
3.4190850257873535
3.417079448699951
3.4184610843658447
3.4355714321136475
3.43630313873291
3.4371204376220703
3.4363603591918945
3.438084363937378
3.4133646488189697
3.413128137588501
3.4129116535186768
3.4130592346191406
3.4124438762664795
3.45892333984375
3.4606642723083496
3.459656000137329
3.4607739448547363
3.4598493576049805
3.435589075088501
3.4348978996276855
3.432952880859375
3.4355239868164062
3.43391489982605
3.4975528717041016
3.496840000152588
3.4933903217315674
3.493767023086548
3.4937925338745117
3.6002607345581055
3.5988669395446777
3.6019413471221924
3.6043176651000977
3.603550434112549
3.457643985748291
3.4476048946380615
3.4343762397766113
3.4272143840789795
3.422372817993164
3.422424554824829
3.424423933029175
3.4242191314697266
3.4247536659240723
3.4249417781829834
3.4242806434631348
3.4252922534942627
3.4247634410858154
3.42512583732605
3.4250833988189697
3.457045078277588
3.456937789916992
3.45786452293396
3.4576351642608643
3.4582018852233887
3.446608781814575
3.445805549621582
3.447242498397827
3.4463841915130615
3.4460999965667725
3.448714017868042
3.4484713077545166
3.4486377239227295
3.448927164077759
3.4491584300994873
3.474498748779297
3.4779326915740967
3.479295015335083
3.4799814224243164
3.4790406227111816
3.4209418296813965
3.42079758644104
3.4221420288085938
3.4209794998168945
3.42136287689209
3.4139530658721924
3.4136180877685547
3.413818597793579
3.4148523807525635
3.413780689239502
3.420722246170044
3.41994047164917
3.419609308242798
3.419404983520508
3.419670820236206
3.4811208248138428
3.481381416320801
3.4792871475219727
3.4791128635406494
3.4817702770233154
3.4321064949035645
3.4315762519836426
3.430891513824463
3.430981159210205
3.430617094039917
3.421673536300659
3.4224514961242676
3.4217216968536377
3.421778917312622
3.4196603298187256
3.4251315593719482
3.4246013164520264
3.424207925796509
3.424344301223755
3.425239086151123
3.4430832862854004
3.441046953201294
3.4418129920959473
3.4406800270080566
3.4425771236419678
3.4391465187072754
3.436328649520874
3.4390344619750977
3.4368534088134766
3.441661834716797
3.394808530807495
3.3952529430389404
3.395475149154663
3.3942155838012695
3.395481824874878
3.4806065559387207
3.478123426437378
3.4770190715789795
3.4768645763397217
3.4769723415374756
3.4334981441497803
3.4315333366394043
3.4311447143554688
3.43272066116333
3.4322824478149414
3.4233946800231934
3.4230332374572754
3.4228436946868896
3.421649217605591
3.4228227138519287
3.3606722354888916
3.3596324920654297
3.3598437309265137
3.3597123622894287
3.3596808910369873
3.396934986114502
3.3975884914398193
3.3956491947174072
3.3970391750335693
3.3971774578094482
3.463179111480713
3.4641807079315186
3.4650583267211914
3.4639382362365723
3.4649734497070312
3.4396281242370605
3.4400949478149414
3.440061330795288
3.442540407180786
3.44132924079895
3.442617893218994
3.4425508975982666
3.443373918533325
3.4432923793792725
3.4432811737060547
3.4267377853393555
3.426191568374634
3.426983118057251
3.42657732963562
3.4265308380126953
3.4065308570861816
3.4057700634002686
3.4055335521698
3.40596866607666
3.404999017715454
3.4303479194641113
3.4301605224609375
3.430471897125244
3.429952621459961
3.430708885192871
3.3940463066101074
3.395524263381958
3.394904613494873
3.3956544399261475
3.394926071166992
3.4444243907928467
3.4442496299743652
3.444429636001587
3.4445109367370605
3.446071147918701
3.480792760848999
3.4780657291412354
3.481196880340576
3.480661392211914
3.481337308883667
3.432746648788452
3.432854413986206
3.431199312210083
3.431497573852539
3.431889295578003
3.407931327819824
3.407865047454834
3.4066643714904785
3.4058828353881836
3.4034438133239746
3.4290928840637207
3.3943984508514404
3.3814592361450195
3.381218194961548
3.382439613342285
3.471761465072632
3.4702677726745605
3.4731688499450684
3.4723739624023438
3.4710335731506348
3.4119179248809814
3.411189556121826
3.410994291305542
3.4112164974212646
3.4113292694091797
3.4102132320404053
3.4113378524780273
3.411166191101074
3.4099669456481934
3.4116029739379883
3.400723695755005
3.400639533996582
3.399505376815796
3.4010813236236572
3.4010562896728516
3.4026737213134766
3.4021337032318115
3.4026498794555664
3.402364730834961
3.402456283569336
3.5152196884155273
3.5188889503479004
3.516594171524048
3.518419027328491
3.5156586170196533
3.4719905853271484
3.4714174270629883
3.4712748527526855
3.476407766342163
3.4743940830230713
3.407388210296631
3.4087486267089844
3.4084718227386475
3.4079549312591553
3.407682180404663
3.474733829498291
3.4764692783355713
3.4756741523742676
3.4770870208740234
3.4749679565429688
3.415767192840576
3.4160609245300293
3.4149389266967773
3.415499687194824
3.4158334732055664
3.444321393966675
3.4444806575775146
3.445108652114868
3.445431709289551
3.4443280696868896
3.3879902362823486
3.387981653213501
3.3882949352264404
3.3878417015075684
3.3886866569519043
3.4600327014923096
3.4599361419677734
3.4606235027313232
3.4605042934417725
3.461409568786621
3.432036876678467
3.432211399078369
3.4322311878204346
3.431988000869751
3.432346820831299
3.3726632595062256
3.3725178241729736
3.3719801902770996
3.371919870376587
3.371985912322998
3.402787208557129
3.404592275619507
3.403031349182129
3.4021711349487305
3.401984214782715
3.416189193725586
3.416537284851074
3.414876699447632
3.4155170917510986
3.415715217590332
3.426966905593872
3.4270706176757812
3.427016258239746
3.427298069000244
3.426494836807251
3.4465267658233643
3.4466657638549805
3.445930242538452
3.4468939304351807
3.4461147785186768
3.423395872116089
3.4240288734436035
3.4231345653533936
3.424436092376709
3.424166202545166
3.4579827785491943
3.457522392272949
3.456578254699707
3.4560546875
3.4557902812957764
3.439817190170288
3.438917875289917
3.438284397125244
3.440113067626953
3.439009666442871
3.445197343826294
3.4471538066864014
3.4466559886932373
3.44650936126709
3.4457201957702637
3.469301700592041
3.470196485519409
3.4705634117126465
3.4702532291412354
3.4708261489868164
3.414703845977783
3.4145309925079346
3.4134438037872314
3.4138147830963135
3.413299322128296
3.4623730182647705
3.4620606899261475
3.4620201587677
3.4634697437286377
3.461728572845459
3.4618585109710693
3.4597036838531494
3.4598090648651123
3.4614720344543457
3.4614474773406982
3.4006011486053467
3.4007349014282227
3.3997836112976074
3.39884614944458
3.3998236656188965
3.4375486373901367
3.437288999557495
3.4361138343811035
3.4370133876800537
3.4355344772338867
3.4085288047790527
3.4091439247131348
3.408763885498047
3.408586263656616
3.408550262451172
3.3924996852874756
3.393920421600342
3.393249273300171
3.3944132328033447
3.3952181339263916
3.4865822792053223
3.4816818237304688
3.472393274307251
3.4439961910247803
3.4365599155426025
3.4345459938049316
3.4350359439849854
3.435201644897461
3.4372646808624268
3.4361355304718018
3.431957960128784
3.4315345287323
3.4313957691192627
3.4336252212524414
3.4327714443206787
3.440892219543457
3.441889524459839
3.4418249130249023
3.4410030841827393
3.442233085632324
3.4193193912506104
3.418581962585449
3.420356512069702
3.419081926345825
3.418020009994507
3.3824100494384766
3.3825888633728027
3.3826711177825928
3.3827672004699707
3.382317304611206
3.4081482887268066
3.406386613845825
3.4078707695007324
3.4091687202453613
3.4085936546325684
3.4462170600891113
3.444627523422241
3.4481101036071777
3.44821834564209
3.446127414703369
3.438640594482422
3.4368600845336914
3.4383504390716553
3.4392759799957275
3.4381203651428223
3.4250500202178955
3.4243993759155273
3.423624277114868
3.423719882965088
3.4254181385040283
3.4260027408599854
3.427908182144165
3.425635814666748
3.4269630908966064
3.426459550857544
3.451188325881958
3.451813220977783
3.451476812362671
3.45210599899292
3.4513869285583496
3.4333274364471436
3.433955192565918
3.433835744857788
3.43178391456604
3.432840585708618
3.4074318408966064
3.407456398010254
3.407510995864868
3.408400774002075
3.4082019329071045
3.4681625366210938
3.4658143520355225
3.4652554988861084
3.464503526687622
3.4660003185272217
3.399484395980835
3.3994834423065186
3.3998405933380127
3.3999686241149902
3.399829626083374
3.386838912963867
3.3865814208984375
3.3875627517700195
3.3846538066864014
3.386011838912964
3.4494478702545166
3.4523000717163086
3.4486687183380127
3.4548001289367676
3.4523863792419434
3.3875391483306885
3.3868167400360107
3.3875763416290283
3.387185573577881
3.3875184059143066
3.406637668609619
3.4066529273986816
3.4059150218963623
3.406216859817505
3.4058516025543213
3.3910512924194336
3.389531373977661
3.387572765350342
3.3867480754852295
3.387338399887085
3.4697887897491455
3.470243215560913
3.4703023433685303
3.4709203243255615
3.4697186946868896
3.4122495651245117
3.412407636642456
3.413867950439453
3.415020704269409
3.413295269012451
3.411623954772949
3.4114913940429688
3.412342071533203
3.410794973373413
3.4115655422210693
3.40421724319458
3.403918743133545
3.405935287475586
3.4058215618133545
3.4105491638183594
3.392791509628296
3.3922297954559326
3.3917839527130127
3.391918659210205
3.3922760486602783
3.4335761070251465
3.4350690841674805
3.433807849884033
3.43468976020813
3.434119939804077
3.3877344131469727
3.387937545776367
3.3885841369628906
3.3877105712890625
3.387136459350586
3.42112135887146
3.420865774154663
3.420351028442383
3.4209680557250977
3.421119451522827
3.4288840293884277
3.4190709590911865
3.4093000888824463
3.4074482917785645
3.407449245452881
3.375594139099121
3.377396821975708
3.377432107925415
3.376664876937866
3.377655029296875
3.4014244079589844
3.4025039672851562
3.401902198791504
3.4004740715026855
3.4014625549316406
3.5090415477752686
3.5043907165527344
3.4836649894714355
3.450648307800293
3.436460018157959
3.4230902194976807
3.4237277507781982
3.422638177871704
3.42358660697937
3.4233319759368896
3.390162229537964
3.3900296688079834
3.3905184268951416
3.390245199203491
3.389909505844116
3.437778949737549
3.438307046890259
3.440413475036621
3.4372308254241943
3.4354710578918457
3.4393997192382812
3.440809965133667
3.4392917156219482
3.4402787685394287
3.439663887023926
3.436890125274658
3.4395453929901123
3.4374842643737793
3.4382026195526123
3.4401209354400635
3.430514335632324
3.4306328296661377
3.4320170879364014
3.431377410888672
3.4322667121887207
3.4294586181640625
3.4276950359344482
3.4280753135681152
3.428595542907715
3.4287893772125244
3.496088981628418
3.4950332641601562
3.4950859546661377
3.4941413402557373
3.4945781230926514
3.4210922718048096
3.4231040477752686
3.4202113151550293
3.4221818447113037
3.422628402709961
3.453718662261963
3.449347972869873
3.4550817012786865
3.4508354663848877
3.451929807662964
3.4395954608917236
3.441469430923462
3.441416025161743
3.4409825801849365
3.441760778427124
3.411620616912842
3.411510944366455
3.411586046218872
3.4104785919189453
3.4114105701446533
3.4166717529296875
3.416551113128662
3.4170138835906982
3.4162707328796387
3.415959119796753
3.3659615516662598
3.366014242172241
3.3655006885528564
3.3665571212768555
3.366480588912964
3.4396893978118896
3.4405128955841064
3.440539836883545
3.439399003982544
3.439275026321411
3.4372527599334717
3.4383413791656494
3.438293933868408
3.4378809928894043
3.43770694732666
3.434162139892578
3.4340577125549316
3.4330339431762695
3.4340457916259766
3.4340972900390625
3.392925977706909
3.3924591541290283
3.3925206661224365
3.392273187637329
3.3922579288482666
3.417848587036133
3.4176578521728516
3.417764186859131
