4.330649375915527
4.330625534057617
4.330544471740723
4.330530166625977
4.331311225891113
4.331266403198242
4.331087589263916
4.330986976623535
4.331044673919678
4.331111431121826
4.331088066101074
4.330723285675049
4.330670356750488
4.331432819366455
4.331362724304199
4.3312788009643555
4.331378936767578
4.331390857696533
4.330713748931885
4.330849647521973
4.331663608551025
4.331689357757568
4.331618309020996
4.331613540649414
4.331617832183838
4.331150054931641
4.3311381340026855
4.330277442932129
4.330289840698242
4.330278396606445
4.330280780792236
4.3303303718566895
4.330559730529785
4.3305277824401855
4.330866813659668
4.330896377563477
4.330822944641113
4.330845355987549
4.330825328826904
4.331175804138184
4.331131458282471
4.331021308898926
4.3309149742126465
4.3309245109558105
4.331020355224609
4.330988883972168
4.330931663513184
4.33089017868042
4.330887794494629
4.3308305740356445
4.331105709075928
4.330793380737305
4.330889701843262
4.33107852935791
4.330897808074951
4.330421447753906
4.330408573150635
