4.32991886138916
4.327834129333496
4.3268303871154785
4.3252973556518555
4.323520660400391
4.322338581085205
4.320587635040283
4.318767070770264
4.316234111785889
4.313656330108643
4.31152868270874
4.308465480804443
4.3052849769592285
4.301720142364502
4.298584461212158
4.2967987060546875
4.293444633483887
4.290391445159912
4.2874884605407715
4.284911632537842
4.280616283416748
4.277821063995361
4.275125980377197
4.27231502532959
4.269525051116943
4.26710319519043
4.264217853546143
4.261161804199219
4.257984161376953
4.2546772956848145
4.253650665283203
4.250481605529785
4.247430801391602
4.244536399841309
4.24174690246582
4.238442420959473
4.235869407653809
4.233233451843262
4.230693817138672
4.2282328605651855
4.224956512451172
4.222476959228516
4.219669818878174
4.21686315536499
4.2137980461120605
4.211174488067627
4.208052635192871
