nan
4.330621242523193
4.329404830932617
4.328273773193359
4.328672885894775
4.326380252838135
4.325565814971924
4.3243327140808105
4.322952747344971
4.321438789367676
4.3204426765441895
4.318704128265381
4.316956520080566
4.3151116371154785
4.3132829666137695
4.311293601989746
4.309050559997559
4.306441307067871
4.303873062133789
4.301376819610596
4.298779487609863
4.2962212562561035
4.293548107147217
4.290719032287598
4.287770748138428
4.283360481262207
4.280021667480469
4.2764763832092285
4.272748947143555
4.268806457519531
4.265840530395508
4.261805534362793
4.257757186889648
4.253681182861328
4.249514102935791
4.246948719024658
4.242733001708984
4.238440990447998
4.233941078186035
4.2296648025512695
4.22731351852417
4.2233171463012695
4.2193379402160645
4.215309143066406
4.211392402648926
4.205148696899414
4.201216697692871
4.1972761154174805
4.192993640899658
4.189026832580566
4.182997226715088
4.178989887237549
4.174908638000488
4.170881748199463
4.166972637176514
4.167866230010986
4.164263725280762
4.1606364250183105
4.1574931144714355
4.15346622467041
4.150676250457764
4.147449970245361
4.144796371459961
4.1417999267578125
4.139242172241211
4.135497570037842
4.133016586303711
4.130289077758789
4.127213954925537
4.124129772186279
4.116640567779541
4.113265037536621
4.109522342681885
4.105727672576904
4.101985931396484
4.107513427734375
4.103777885437012
4.100094795227051
4.096316814422607
4.093039512634277
4.08264684677124
4.079247951507568
4.075662136077881
4.071837902069092
4.067707061767578
4.064837455749512
4.060568809509277
4.056166172027588
4.05122709274292
4.046581745147705
4.046051025390625
4.042320728302002
4.037437915802002
4.033430576324463
4.0296311378479
4.025513172149658
4.021651744842529
4.017988204956055
4.014471530914307
4.0106964111328125
4.002408504486084
3.9986674785614014
3.994511842727661
3.990307092666626
3.9863128662109375
3.98215389251709
3.978119134902954
3.973928213119507
3.969956874847412
3.9661128520965576
3.967559576034546
3.963768243789673
3.9600610733032227
3.9566171169281006
3.9530251026153564
3.9465527534484863
3.9432284832000732
3.939980983734131
3.936380386352539
3.932781457901001
3.9296395778656006
3.925976037979126
3.922318935394287
3.919003486633301
3.9153857231140137
3.911179542541504
3.9076924324035645
3.9039130210876465
3.9003405570983887
3.8970344066619873
3.894812822341919
3.8908743858337402
3.8873305320739746
3.8840811252593994
3.880570411682129
3.880945920944214
3.8779566287994385
3.8741519451141357
3.8714654445648193
3.868770122528076
3.8639895915985107
3.86126446723938
3.8578574657440186
3.8550548553466797
3.852254867553711
3.8408172130584717
3.8378055095672607
3.835057497024536
3.8316080570220947
3.828634738922119
3.834367036819458
3.8311944007873535
3.8279800415039062
3.8248274326324463
3.8221805095672607
3.8166732788085938
3.814194679260254
3.811249256134033
3.808610200881958
3.8058674335479736
3.8022053241729736
3.7997963428497314
3.7975778579711914
3.795109272003174
3.792919635772705
3.7834064960479736
3.7804622650146484
3.7780418395996094
3.7755889892578125
3.7728443145751953
3.771831512451172
3.7693159580230713
3.766634464263916
3.7639968395233154
3.761169910430908
3.7735745906829834
3.771160125732422
3.7685091495513916
3.7667136192321777
3.7642712593078613
3.752638339996338
3.750281810760498
3.7480757236480713
3.7456681728363037
3.743497371673584
3.747537612915039
3.745163917541504
3.742757558822632
3.7407236099243164
3.7387242317199707
3.733511209487915
3.731532573699951
3.729750156402588
3.727877140045166
3.7260067462921143
3.719121217727661
3.7177867889404297
3.715848207473755
3.714407444000244
3.712864875793457
3.721297264099121
3.719789505004883
3.717831611633301
3.715972661972046
3.7140862941741943
3.699510097503662
3.6971933841705322
3.694953441619873
3.6931915283203125
3.690824508666992
3.6917884349823
3.6898934841156006
3.687842845916748
3.686525583267212
3.684255361557007
3.689035415649414
3.687347173690796
3.685558557510376
3.683781623840332
3.6820785999298096
3.6813457012176514
3.6795506477355957
3.6778712272644043
3.6760470867156982
3.673710584640503
3.6644644737243652
3.6626453399658203
3.661212921142578
3.6598429679870605
3.6582624912261963
3.653823137283325
3.6525449752807617
3.650954246520996
3.649862766265869
3.648312568664551
3.6537253856658936
3.652292490005493
3.6512608528137207
3.650115966796875
3.648977041244507
3.652235269546509
3.6513171195983887
3.6500096321105957
3.6488492488861084
3.648256540298462
3.6414570808410645
3.640133857727051
3.639068365097046
3.6378722190856934
3.636749744415283
3.6384377479553223
3.637521982192993
3.6363773345947266
3.6355059146881104
3.6349880695343018
3.630542278289795
3.629572868347168
3.6295032501220703
3.6280410289764404
3.6278321743011475
3.6271071434020996
3.626331090927124
3.626037836074829
3.625005006790161
3.624338388442993
3.6209957599639893
3.620296001434326
3.6195993423461914
3.619382619857788
3.617861032485962
3.618886709213257
3.617260694503784
3.6166462898254395
3.6152172088623047
3.6143290996551514
3.613032579421997
3.611868381500244
3.6108484268188477
3.6099722385406494
3.6091301441192627
3.6080245971679688
3.6089489459991455
3.6109323501586914
3.6087357997894287
3.6075942516326904
3.608524799346924
3.6071276664733887
3.6059775352478027
3.605236530303955
3.6022703647613525
3.6130354404449463
3.6117324829101562
3.6110944747924805
3.6098239421844482
3.609165668487549
3.6012072563171387
3.6003949642181396
3.599761962890625
3.598700761795044
3.5984857082366943
3.583272933959961
3.582623243331909
3.5818474292755127
3.5806725025177
3.579620361328125
3.5982744693756104
3.596965789794922
nan
3.6007492542266846
3.5993025302886963
3.5813066959381104
3.5812652111053467
3.5800819396972656
3.579803943634033
3.578892469406128
3.585047483444214
3.583966016769409
3.583203077316284
3.582359552383423
nan
3.571439027786255
3.570183277130127
3.5694174766540527
3.5683705806732178
3.566851854324341
3.5655360221862793
3.564814329147339
3.563101053237915
3.562148094177246
3.5609774589538574
3.5669779777526855
3.5655434131622314
3.5647499561309814
3.563997983932495
3.563342571258545
3.5554840564727783
3.554365634918213
3.5590317249298096
3.552744150161743
3.5527760982513428
3.5494134426116943
3.5490522384643555
3.5480575561523438
3.5473110675811768
3.546874523162842
3.5566160678863525
3.556473731994629
3.555574417114258
3.555126428604126
3.5531628131866455
3.5500667095184326
3.54784893989563
3.5484743118286133
3.5481860637664795
3.547372341156006
3.543940544128418
3.5428316593170166
3.5419921875
3.5413801670074463
3.5411179065704346
3.529120922088623
nan
3.5280673503875732
3.526742458343506
3.5266807079315186
3.5371620655059814
3.53692889213562
nan
3.535325527191162
3.535161018371582
3.529996633529663
3.528015375137329
3.5291144847869873
3.528014898300171
3.5281803607940674
3.535588264465332
3.5336227416992188
3.5328428745269775
3.5325632095336914
3.532339096069336
3.5257058143615723
3.525155544281006
3.523428201675415
3.5230226516723633
3.5225040912628174
3.547624111175537
3.547957181930542
nan
3.546745538711548
nan
3.510531425476074
3.5103182792663574
3.509453058242798
3.508784294128418
3.508071184158325
3.543170213699341
3.5432350635528564
3.5412652492523193
3.5418667793273926
nan
3.518887996673584
3.5192337036132812
3.5182173252105713
3.5238332748413086
3.517855644226074
3.52417254447937
3.5238091945648193
3.5252811908721924
3.523301839828491
nan
3.5101089477539062
3.5130937099456787
3.509286880493164
3.5104572772979736
3.508406639099121
3.516820192337036
3.5180561542510986
3.517505168914795
3.5173561573028564
3.517195463180542
3.50803542137146
3.5075104236602783
3.507833957672119
3.508098602294922
3.507662057876587
3.5320048332214355
3.532419204711914
3.517699718475342
3.531606674194336
nan
3.5023550987243652
3.5026931762695312
3.50243878364563
3.502091884613037
3.502577781677246
3.5516276359558105
3.5517969131469727
3.5501484870910645
3.5514719486236572
3.5499987602233887
3.509218454360962
3.5085034370422363
3.510190486907959
3.510481119155884
3.51035213470459
3.529681921005249
3.530165672302246
nan
3.529515027999878
nan
3.5253140926361084
3.516700029373169
3.5253007411956787
3.525097608566284
3.526202440261841
3.5072968006134033
3.504089117050171
3.503908157348633
3.5032389163970947
3.5033531188964844
3.5188565254211426
3.5191421508789062
3.51928973197937
nan
3.520151138305664
nan
3.5020065307617188
3.5023412704467773
3.5025641918182373
3.5022315979003906
3.522845983505249
nan
3.5224785804748535
3.5222253799438477
3.521725654602051
3.527306318283081
3.517204999923706
3.5174179077148438
3.5170915126800537
3.5173590183258057
3.5056731700897217
3.5030362606048584
3.5054938793182373
3.5047900676727295
3.504554271697998
3.5033388137817383
3.5015335083007812
3.501317024230957
3.500606060028076
3.500220775604248
3.5104942321777344
3.509288787841797
3.5093815326690674
3.5070481300354004
3.5067522525787354
3.506486415863037
3.5041215419769287
3.5052762031555176
3.5050864219665527
3.5045857429504395
3.5009045600891113
3.5005764961242676
3.4999396800994873
3.499455690383911
3.4988584518432617
3.5124027729034424
3.512176036834717
3.5116050243377686
3.5107221603393555
3.510319471359253
3.5061047077178955
3.505286455154419
3.504586935043335
3.50415301322937
3.5038492679595947
3.493715763092041
3.493295192718506
3.493110179901123
3.4922707080841064
3.491762161254883
3.496105670928955
3.495351552963257
3.4953482151031494
3.4932034015655518
3.4999423027038574
3.4896981716156006
3.489295482635498
3.4891839027404785
3.4886362552642822
3.488456964492798
3.5036752223968506
3.5028932094573975
3.502392530441284
3.5056633949279785
3.504633903503418
3.511559247970581
3.5102317333221436
3.5101990699768066
nan
3.509418249130249
nan
3.494992733001709
nan
