nan
4.330621242523193
4.329404830932617
4.328273773193359
4.328672885894775
4.326380252838135
4.325565814971924
4.3243327140808105
4.322952747344971
4.321438789367676
4.3204426765441895
4.318704128265381
4.316956520080566
4.3151116371154785
4.3132829666137695
4.311293601989746
4.309050559997559
4.306441307067871
4.303873062133789
4.301376819610596
4.298779487609863
4.2962212562561035
4.293548107147217
4.290719032287598
4.287770748138428
4.283360481262207
4.280021667480469
4.2764763832092285
4.272748947143555
4.268806457519531
4.265840530395508
4.261805534362793
4.257757186889648
4.253681182861328
4.249514102935791
4.246948719024658
4.242733001708984
4.238440990447998
4.233941078186035
4.2296648025512695
4.22731351852417
4.2233171463012695
4.2193379402160645
4.215309143066406
4.211392402648926
4.205148696899414
4.201216697692871
4.1972761154174805
4.192993640899658
4.189026832580566
4.182997226715088
4.178989887237549
4.174908638000488
4.170881748199463
4.166972637176514
4.167866230010986
4.164263725280762
4.1606364250183105
4.1574931144714355
4.15346622467041
4.150676250457764
4.147449970245361
4.144796371459961
4.1417999267578125
4.139242172241211
4.135497570037842
4.133016586303711
4.130289077758789
4.127213954925537
4.124129772186279
4.116640567779541
4.113265037536621
4.109522342681885
4.105727672576904
4.101985931396484
4.107513427734375
4.103777885437012
4.100094795227051
4.096316814422607
4.093039512634277
4.08264684677124
4.079247951507568
4.075662136077881
4.071837902069092
4.067707061767578
4.064837455749512
4.060568809509277
4.056166172027588
4.05122709274292
4.046581745147705
4.046051025390625
4.042320728302002
4.037437915802002
4.033430576324463
4.0296311378479
4.025513172149658
4.021651744842529
4.017988204956055
4.014471530914307
4.0106964111328125
4.002408504486084
3.9986674785614014
3.994511842727661
3.990307092666626
3.9863128662109375
3.98215389251709
3.978119134902954
3.973928213119507
3.969956874847412
3.9661128520965576
3.967559576034546
3.963768243789673
3.9600610733032227
3.9566171169281006
3.9530251026153564
3.9465527534484863
3.9432284832000732
3.939980983734131
3.936380386352539
3.932781457901001
3.9296395778656006
3.925976037979126
3.922318935394287
3.919003486633301
3.9153857231140137
3.911179542541504
3.9076924324035645
3.9039130210876465
3.9003405570983887
3.8970344066619873
3.894812822341919
3.8908743858337402
3.8873305320739746
3.8840811252593994
3.880570411682129
3.880945920944214
3.8779566287994385
3.8741519451141357
3.8714654445648193
3.868770122528076
3.8639895915985107
3.86126446723938
3.8578574657440186
3.8550548553466797
3.852254867553711
3.8408172130584717
3.8378055095672607
3.835057497024536
3.8316080570220947
3.828634738922119
3.834367036819458
3.8311944007873535
3.8279800415039062
3.8248274326324463
3.8221805095672607
3.8166732788085938
3.814194679260254
3.811249256134033
3.808610200881958
3.8058674335479736
3.8022053241729736
3.7997963428497314
3.7975778579711914
3.795109272003174
3.792919635772705
3.7834064960479736
3.7804622650146484
3.7780418395996094
3.7755889892578125
3.7728443145751953
3.771831512451172
3.7693159580230713
3.766634464263916
3.7639968395233154
3.761169910430908
3.7735745906829834
3.771160125732422
3.7685091495513916
3.7667136192321777
3.7642712593078613
3.752638339996338
3.750281810760498
3.7480757236480713
3.7456681728363037
3.743497371673584
3.747537612915039
3.745163917541504
3.742757558822632
3.7407236099243164
3.7387242317199707
3.733511209487915
3.731532573699951
3.729750156402588
3.727877140045166
3.7260067462921143
3.719121217727661
3.7177867889404297
3.715848207473755
3.714407444000244
3.712864875793457
3.721297264099121
3.719789505004883
3.717831611633301
3.715972661972046
3.7140862941741943
3.699510097503662
3.6971933841705322
3.694953441619873
3.6931915283203125
3.690824508666992
3.6917884349823
3.6898934841156006
3.687842845916748
3.686525583267212
3.684255361557007
3.689035415649414
3.687347173690796
3.685558557510376
3.683781623840332
3.6820785999298096
3.6813457012176514
3.6795506477355957
3.6778712272644043
3.6760470867156982
3.673710584640503
3.6644644737243652
3.6626453399658203
3.661212921142578
3.6598429679870605
3.6582624912261963
3.653823137283325
3.6525449752807617
3.650954246520996
3.649862766265869
3.648312568664551
3.6537253856658936
3.652292490005493
3.6512608528137207
3.650115966796875
3.648977041244507
3.652235269546509
3.6513171195983887
3.6500096321105957
3.6488492488861084
3.648256540298462
3.6414570808410645
3.640133857727051
3.639068365097046
3.6378722190856934
3.636749744415283
3.6384377479553223
3.637521982192993
3.6363773345947266
3.6355059146881104
3.6349880695343018
3.630542278289795
3.629572868347168
3.6295032501220703
3.6280410289764404
3.6278321743011475
3.6271071434020996
3.626331090927124
3.626037836074829
3.625005006790161
3.624338388442993
3.6209957599639893
3.620296001434326
3.6195993423461914
3.619382619857788
3.617861032485962
3.618886709213257
3.617260694503784
3.6166462898254395
3.6152172088623047
3.6143290996551514
3.613032579421997
3.611868381500244
3.6108484268188477
3.6099722385406494
3.6091301441192627
3.6080245971679688
3.6089489459991455
3.6109323501586914
3.6087357997894287
3.6075942516326904
3.608524799346924
3.6071276664733887
3.6059775352478027
3.605236530303955
3.6022703647613525
3.6130354404449463
3.6117324829101562
3.6110944747924805
3.6098239421844482
3.609165668487549
3.6012072563171387
3.6003949642181396
3.599761962890625
3.598700761795044
3.5984857082366943
3.583272933959961
3.582623243331909
3.5818474292755127
3.5806725025177
3.579620361328125
3.5982744693756104
3.596965789794922
nan
3.6007492542266846
3.5993025302886963
3.5813066959381104
3.5812652111053467
3.5800819396972656
3.579803943634033
3.578892469406128
3.585047483444214
3.583966016769409
3.583203077316284
3.582359552383423
nan
3.571439027786255
3.570183277130127
3.5694174766540527
3.5683705806732178
3.566851854324341
3.5655360221862793
3.564814329147339
3.563101053237915
3.562148094177246
3.5609774589538574
3.5669779777526855
3.5655434131622314
3.5647499561309814
3.563997983932495
3.563342571258545
3.5554840564727783
3.554365634918213
3.5590317249298096
3.552744150161743
3.5527760982513428
3.5494134426116943
3.5490522384643555
3.5480575561523438
3.5473110675811768
3.546874523162842
3.5566160678863525
3.556473731994629
3.555574417114258
3.555126428604126
3.5531628131866455
3.5500667095184326
3.54784893989563
3.5484743118286133
3.5481860637664795
3.547372341156006
3.543940544128418
3.5428316593170166
3.5419921875
3.5413801670074463
3.5411179065704346
3.529120922088623
nan
3.5280673503875732
3.526742458343506
3.5266807079315186
3.5371620655059814
3.53692889213562
nan
3.535325527191162
3.535161018371582
3.529996633529663
3.528015375137329
3.5291144847869873
3.528014898300171
3.5281803607940674
3.535588264465332
3.5336227416992188
3.5328428745269775
3.5325632095336914
3.532339096069336
3.5257058143615723
3.525155544281006
3.523428201675415
3.5230226516723633
3.5225040912628174
3.547624111175537
3.547957181930542
nan
3.546745538711548
nan
3.510531425476074
3.5103182792663574
3.509453058242798
3.508784294128418
3.508071184158325
3.543170213699341
3.5432350635528564
3.5412652492523193
3.5418667793273926
nan
3.518887996673584
3.5192337036132812
3.5182173252105713
3.5238332748413086
3.517855644226074
3.52417254447937
3.5238091945648193
3.5252811908721924
3.523301839828491
nan
3.5101089477539062
3.5130937099456787
3.509286880493164
3.5104572772979736
3.508406639099121
3.516820192337036
3.5180561542510986
3.517505168914795
3.5173561573028564
3.517195463180542
3.50803542137146
3.5075104236602783
3.507833957672119
3.508098602294922
3.507662057876587
3.5320048332214355
3.532419204711914
3.517699718475342
3.531606674194336
nan
3.5023550987243652
3.5026931762695312
3.50243878364563
3.502091884613037
3.502577781677246
3.5516276359558105
3.5517969131469727
3.5501484870910645
3.5514719486236572
3.5499987602233887
3.509218454360962
3.5085034370422363
3.510190486907959
3.510481119155884
3.51035213470459
3.529681921005249
3.530165672302246
nan
3.529515027999878
nan
3.5253140926361084
3.516700029373169
3.5253007411956787
3.525097608566284
3.526202440261841
3.5072968006134033
3.504089117050171
3.503908157348633
3.5032389163970947
3.5033531188964844
3.5188565254211426
3.5191421508789062
3.51928973197937
nan
3.520151138305664
nan
3.5020065307617188
3.5023412704467773
3.5025641918182373
3.5022315979003906
3.522845983505249
nan
3.5224785804748535
3.5222253799438477
3.521725654602051
3.527306318283081
3.517204999923706
3.5174179077148438
3.5170915126800537
3.5173590183258057
3.5056731700897217
3.5030362606048584
3.5054938793182373
3.5047900676727295
3.504554271697998
3.5033388137817383
3.5015335083007812
3.501317024230957
3.500606060028076
3.500220775604248
3.5104942321777344
3.509288787841797
3.5093815326690674
3.5070481300354004
3.5067522525787354
3.506486415863037
3.5041215419769287
3.5052762031555176
3.5050864219665527
3.5045857429504395
3.5009045600891113
3.5005764961242676
3.4999396800994873
3.499455690383911
3.4988584518432617
3.5124027729034424
3.512176036834717
3.5116050243377686
3.5107221603393555
3.510319471359253
3.5061047077178955
3.505286455154419
3.504586935043335
3.50415301322937
3.5038492679595947
3.493715763092041
3.493295192718506
3.493110179901123
3.4922707080841064
3.491762161254883
3.496105670928955
3.495351552963257
3.4953482151031494
3.4932034015655518
3.4999423027038574
3.4896981716156006
3.489295482635498
3.4891839027404785
3.4886362552642822
3.488456964492798
3.5036752223968506
3.5028932094573975
3.502392530441284
3.5056633949279785
3.504633903503418
3.511559247970581
3.5102317333221436
3.5101990699768066
nan
3.509418249130249
nan
3.494992733001709
nan
3.4944748878479004
nan
3.498953342437744
nan
3.4986534118652344
nan
3.498974084854126
nan
3.4920883178710938
3.489372730255127
3.491715669631958
3.4873974323272705
3.4957921504974365
3.4978227615356445
3.495346784591675
nan
3.496220827102661
3.4847328662872314
3.4880542755126953
3.4883625507354736
3.4889626502990723
3.489619731903076
3.4864394664764404
3.4888439178466797
3.490549087524414
3.4916281700134277
3.492161273956299
3.486891746520996
3.487653970718384
3.4878315925598145
3.48858904838562
3.4889869689941406
3.491738796234131
3.491201162338257
3.492133855819702
3.4920547008514404
3.4921441078186035
3.5204930305480957
3.5217840671539307
3.5207679271698
3.52077579498291
3.5206005573272705
3.4896085262298584
3.4900341033935547
3.489704132080078
3.489974021911621
3.490297317504883
3.4922573566436768
3.4919793605804443
3.4919638633728027
3.491976737976074
3.4912056922912598
3.518399715423584
3.518728733062744
3.518078565597534
3.5181427001953125
3.5178070068359375
3.5041470527648926
3.5045242309570312
3.504195213317871
3.503880262374878
3.503729820251465
3.4988632202148438
3.499110221862793
3.498894453048706
3.498324155807495
3.4981749057769775
3.4947264194488525
3.4945785999298096
3.4942357540130615
3.4937570095062256
3.4932327270507812
3.4911773204803467
3.4907963275909424
3.490009069442749
3.489109754562378
3.487677812576294
3.490809679031372
3.4898176193237305
3.4887239933013916
3.488351821899414
3.4876396656036377
3.4782474040985107
3.477607250213623
3.477285385131836
3.4772186279296875
3.4770114421844482
3.4861741065979004
3.4860427379608154
3.485628128051758
3.485198497772217
3.4851417541503906
3.471680164337158
3.4711530208587646
3.4707345962524414
3.4704604148864746
3.4699723720550537
3.4863297939300537
3.4854698181152344
3.4853971004486084
3.4848735332489014
3.484917402267456
3.4731831550598145
3.4730138778686523
3.473129987716675
3.472921133041382
3.47241473197937
3.472848653793335
3.4726481437683105
3.4723029136657715
3.471745491027832
3.4716649055480957
3.4819140434265137
3.4814178943634033
3.4819600582122803
3.4812798500061035
3.480865716934204
3.489906072616577
3.4897165298461914
3.489658832550049
3.4886486530303955
3.4887492656707764
3.4807040691375732
3.4808783531188965
3.499638557434082
3.4803426265716553
3.4797356128692627
3.47890567779541
3.4788973331451416
3.4783148765563965
3.478175163269043
3.4784834384918213
3.483421802520752
3.483985662460327
3.4840993881225586
3.4833312034606934
3.484849452972412
3.4784462451934814
3.4780056476593018
3.4774270057678223
3.477896213531494
3.4779608249664307
3.4781060218811035
3.478297472000122
3.4779341220855713
3.477602243423462
3.477571487426758
3.4567172527313232
3.456573247909546
3.455688714981079
3.4560325145721436
3.4562857151031494
3.4662604331970215
3.4660019874572754
3.4659950733184814
3.4656894207000732
3.465785503387451
3.4551644325256348
3.454756736755371
3.4551401138305664
3.454516649246216
3.4545629024505615
3.4680681228637695
3.4677932262420654
3.4677939414978027
3.467092275619507
3.4669179916381836
3.4798948764801025
3.4795243740081787
3.479740858078003
3.4788765907287598
3.479127883911133
3.4511804580688477
3.4511218070983887
3.450831413269043
3.450634479522705
3.450758218765259
3.460297107696533
3.459778308868408
3.4597346782684326
3.4597902297973633
3.4593794345855713
3.4578614234924316
3.4577269554138184
3.4578933715820312
3.4576711654663086
3.4571454524993896
3.4670569896698
3.467108964920044
3.4673197269439697
3.466179847717285
3.466783046722412
3.4534239768981934
3.4534342288970947
3.4531021118164062
3.453188896179199
3.4528918266296387
3.464228868484497
3.4640188217163086
3.4620492458343506
3.4634382724761963
3.462904930114746
3.452350616455078
3.4525701999664307
3.452188014984131
3.4522814750671387
3.451962947845459
3.4569432735443115
3.4566991329193115
3.456322431564331
3.4562017917633057
3.4556357860565186
3.450566530227661
3.450348138809204
3.4502241611480713
3.4502792358398438
3.450120210647583
3.4731245040893555
3.4732673168182373
3.4723403453826904
3.4730656147003174
3.4733550548553467
3.4608285427093506
3.4610936641693115
3.4604811668395996
3.460601568222046
3.4604058265686035
3.465301752090454
3.4655861854553223
3.465517044067383
3.4647200107574463
3.464439630508423
3.4613888263702393
3.461350917816162
3.459899425506592
3.4610445499420166
3.459839344024658
3.4409196376800537
3.4405293464660645
3.440828561782837
3.440235137939453
3.4405086040496826
3.4774935245513916
3.476771116256714
3.4766721725463867
3.4769721031188965
3.4762680530548096
3.440629243850708
3.4404921531677246
3.440412759780884
3.4401395320892334
3.439857244491577
3.450415849685669
3.451636552810669
3.4506568908691406
3.4510233402252197
3.4511451721191406
3.4541118144989014
3.4547572135925293
3.454230546951294
3.454177141189575
3.454073667526245
3.4494569301605225
3.4492905139923096
3.4488871097564697
3.448648691177368
3.448641061782837
3.4346890449523926
3.4344539642333984
3.4340591430664062
3.4343574047088623
3.43392276763916
3.4358720779418945
3.435610055923462
3.4356777667999268
3.4353792667388916
3.4351654052734375
3.4289543628692627
3.4285049438476562
3.428819417953491
3.4284636974334717
3.4288597106933594
3.455806255340576
3.4563474655151367
3.455322265625
3.4557433128356934
3.456125259399414
3.4501028060913086
3.4494001865386963
3.449862003326416
3.449451208114624
3.4496567249298096
3.449826955795288
3.449552297592163
3.449519157409668
3.449371576309204
3.4488396644592285
3.4517314434051514
3.4513700008392334
3.4510810375213623
3.451310873031616
3.4509942531585693
3.4533402919769287
3.453669548034668
3.453310966491699
3.4530107975006104
3.453052282333374
3.4514970779418945
3.451554536819458
3.4515790939331055
3.4512805938720703
3.451636791229248
3.457932949066162
3.4581704139709473
3.4579648971557617
3.457423686981201
3.4573891162872314
3.427605628967285
3.427255630493164
3.4274215698242188
3.426985263824463
3.426513910293579
3.4293575286865234
3.4291892051696777
3.4291346073150635
3.428591251373291
3.4283981323242188
3.433342456817627
3.4332196712493896
3.433340549468994
3.4328246116638184
3.43284010887146
3.461461067199707
3.4613351821899414
3.4612503051757812
3.4611637592315674
3.4607365131378174
3.4348561763763428
3.4343719482421875
3.4345316886901855
3.434161901473999
3.433548927307129
3.4247219562530518
3.424164295196533
3.4245986938476562
3.4240262508392334
3.42409610748291
3.4261515140533447
3.425933837890625
3.425581932067871
3.4256927967071533
3.4252917766571045
3.44816517829895
3.448324680328369
3.4474122524261475
3.447453022003174
3.447817087173462
3.446251153945923
3.446148633956909
3.445603847503662
3.445139169692993
3.4430503845214844
3.418121099472046
3.417680263519287
3.4176642894744873
3.4177653789520264
3.417489528656006
3.4270787239074707
3.4271352291107178
3.426908254623413
3.4268462657928467
3.42653489112854
3.440155029296875
3.4398770332336426
3.439319610595703
3.439014434814453
3.438551187515259
3.430180788040161
3.43015456199646
3.430241107940674
3.4298958778381348
3.4301187992095947
3.4142019748687744
3.413712978363037
3.413482189178467
3.4128174781799316
3.4133975505828857
3.4394025802612305
3.439692497253418
3.4393320083618164
3.439012289047241
3.439150333404541
3.4250409603118896
3.42510986328125
3.4245293140411377
3.424452304840088
3.423956871032715
3.4240918159484863
3.424043655395508
3.4239184856414795
3.423373222351074
3.423625946044922
3.4151408672332764
3.414827346801758
3.414869546890259
3.4145209789276123
3.4142367839813232
3.424732208251953
3.423100471496582
3.4239768981933594
3.423438549041748
3.4229893684387207
3.429079055786133
3.428982734680176
3.428964614868164
3.428898572921753
3.4295833110809326
3.4296071529388428
3.4294095039367676
3.4290812015533447
3.428899049758911
3.4289093017578125
3.4519591331481934
3.4513087272644043
3.4512946605682373
3.4515669345855713
3.451451301574707
3.4233810901641846
3.4232065677642822
3.422724962234497
3.4233460426330566
3.4228262901306152
3.4544448852539062
3.453907012939453
3.454394578933716
3.4532313346862793
3.4530508518218994
3.4127750396728516
3.4126174449920654
3.4118149280548096
3.41261887550354
3.4125046730041504
3.428867816925049
3.429180145263672
3.428767442703247
3.4287893772125244
3.4285950660705566
3.4259088039398193
3.4257218837738037
3.4254918098449707
3.42586612701416
3.425262689590454
3.4204442501068115
3.42006254196167
3.420283317565918
3.4196672439575195
3.419924259185791
3.4092822074890137
3.408658027648926
3.408250093460083
3.4081521034240723
3.4079532623291016
3.4177136421203613
3.417130947113037
3.417031764984131
3.4170305728912354
3.416924476623535
3.4123148918151855
3.411736011505127
3.411590337753296
3.411298990249634
3.412614345550537
3.426586866378784
3.427354097366333
3.4262900352478027
3.426832675933838
3.426074981689453
3.411811590194702
3.415891408920288
3.416177272796631
3.41586971282959
3.4156081676483154
3.417609930038452
3.417320966720581
3.417415142059326
3.4168922901153564
3.4170455932617188
3.410726308822632
3.4113306999206543
3.411653518676758
3.41109299659729
3.4115686416625977
3.418982982635498
3.4187042713165283
3.417205810546875
3.417071580886841
3.416010856628418
3.4105722904205322
3.411245107650757
3.4113917350769043
3.4109365940093994
3.4109246730804443
3.419754981994629
3.4196033477783203
3.419423818588257
3.4190571308135986
3.4188430309295654
3.411271810531616
3.4122955799102783
3.411202907562256
3.412172317504883
3.41091251373291
3.411560297012329
3.4109668731689453
3.4112212657928467
3.4106061458587646
3.4106972217559814
3.421156167984009
3.4208459854125977
3.4201455116271973
3.4206204414367676
3.4204585552215576
3.3951478004455566
3.3947417736053467
3.394697666168213
3.3946478366851807
3.3948378562927246
3.3980178833007812
3.398080587387085
3.3979122638702393
3.398216485977173
3.397791624069214
3.4307353496551514
3.431046485900879
3.4307892322540283
3.4308230876922607
3.4305100440979004
3.414745330810547
3.4147071838378906
3.4140913486480713
3.414318084716797
3.414111614227295
3.3972463607788086
3.3957154750823975
3.396165370941162
3.396430492401123
3.3960206508636475
3.394740104675293
3.3953745365142822
3.39518404006958
3.3952956199645996
3.39570689201355
3.4113411903381348
3.4112181663513184
3.411557912826538
3.4102747440338135
3.4109811782836914
3.4065611362457275
3.406005382537842
3.406651735305786
3.4062466621398926
3.405946731567383
3.410111665725708
3.410670518875122
3.4104061126708984
3.4108235836029053
3.4106557369232178
3.405477523803711
3.4052481651306152
3.405273199081421
3.4047911167144775
3.405303716659546
3.403073310852051
3.402583599090576
3.4027647972106934
3.4025766849517822
3.4024839401245117
3.418168067932129
3.4172654151916504
3.417308807373047
3.416853666305542
3.416773557662964
3.402411460876465
3.4024879932403564
3.4024887084960938
3.4022367000579834
3.402395486831665
3.401339292526245
3.4011411666870117
3.4009461402893066
3.4006266593933105
3.400881767272949
3.4048843383789062
3.405123472213745
3.4050114154815674
3.4046664237976074
3.4047751426696777
3.401554584503174
3.401754140853882
3.4015676975250244
3.400636911392212
3.400393486022949
3.4289650917053223
3.4284186363220215
3.4283933639526367
3.4274322986602783
3.4264984130859375
3.4061591625213623
3.406034469604492
3.4059717655181885
3.405329942703247
3.4054954051971436
3.4048757553100586
3.403913974761963
3.404635190963745
3.404374837875366
3.404642105102539
3.414608955383301
3.4156463146209717
3.415273427963257
3.415059804916382
3.414426803588867
3.407188653945923
3.407050132751465
3.4065515995025635
3.406970262527466
3.4069414138793945
3.4050540924072266
3.4037868976593018
3.4051783084869385
3.4041900634765625
3.4043235778808594
3.3988454341888428
3.3987326622009277
3.3991007804870605
3.399003028869629
3.3981611728668213
3.405467987060547
3.40523624420166
3.4053714275360107
3.4048562049865723
3.404858350753784
3.4073503017425537
3.406618595123291
3.407053232192993
3.4064931869506836
3.407383918762207
3.4094932079315186
3.4087533950805664
3.409409999847412
3.4087648391723633
3.4089913368225098
3.393547773361206
3.3937489986419678
3.3937792778015137
3.393228054046631
3.3937466144561768
3.403080701828003
3.4028749465942383
3.40319561958313
3.40275239944458
3.402024030685425
3.419517993927002
3.4184510707855225
3.4187183380126953
3.4115474224090576
3.4162492752075195
3.383157730102539
