nan
4.330129623413086
4.330345153808594
4.330296039581299
4.329970836639404
4.329831123352051
4.32977294921875
4.3292646408081055
4.329337120056152
4.329745769500732
4.329075336456299
4.328944683074951
4.32847261428833
4.328258514404297
4.327917575836182
4.327846050262451
4.327692031860352
4.3274030685424805
4.327077388763428
4.327224254608154
4.327001094818115
4.32710075378418
4.326412200927734
4.326580047607422
4.32614803314209
4.326028347015381
4.3257951736450195
4.325430870056152
4.325643539428711
4.325268745422363
4.3250627517700195
4.324594497680664
4.3247761726379395
4.324201583862305
4.324118137359619
4.323712348937988
4.323705196380615
4.323657989501953
4.3230814933776855
4.322630882263184
4.322680473327637
4.3224287033081055
4.322025775909424
4.322768688201904
4.321577548980713
4.321304798126221
4.321480751037598
4.320850849151611
4.320960998535156
4.321300506591797
4.320284366607666
nan
nan
4.321586608886719
4.321664333343506
4.322132110595703
4.321141242980957
4.320788383483887
4.3211445808410645
4.3206257820129395
4.319730758666992
4.319541931152344
4.320247173309326
4.319174766540527
4.319163799285889
4.31864595413208
4.318578720092773
4.318387985229492
4.3178606033325195
4.317883491516113
4.317582607269287
4.318071365356445
4.317182540893555
