nan
4.330718994140625
4.330708980560303
4.330695629119873
4.330681800842285
4.33066463470459
4.330645561218262
4.330625534057617
4.330603122711182
4.330578327178955
4.3305511474609375
4.330521583557129
4.330488204956055
4.330453395843506
4.330414295196533
4.330373287200928
4.33032751083374
4.330278396606445
4.330224990844727
4.330166339874268
4.330103874206543
4.330036163330078
4.329964637756348
4.329887866973877
4.329805374145508
4.329718112945557
4.329624652862549
4.329524993896484
4.329419136047363
4.329306125640869
4.329188346862793
4.329061985015869
4.328929901123047
4.328791618347168
4.328646183013916
4.328494071960449
4.328332424163818
4.328166961669922
4.327991485595703
4.327810287475586
4.327620506286621
4.327423095703125
4.3272199630737305
4.327007293701172
4.326786518096924
4.326558589935303
4.326320171356201
4.326074123382568
4.325818061828613
4.325553894042969
4.325281620025635
4.324997425079346
4.324703216552734
4.324398040771484
4.324082851409912
4.323753356933594
4.323417663574219
4.323069095611572
4.32271146774292
4.32234001159668
4.321955680847168
4.321560859680176
4.321158409118652
4.320740699768066
4.320314407348633
4.319873809814453
4.319417476654053
4.3189520835876465
4.3184685707092285
4.317973613739014
4.317468166351318
4.316946029663086
4.316405773162842
4.315856456756592
4.3152899742126465
4.31471586227417
4.314122200012207
4.313519477844238
4.312892436981201
4.312251567840576
4.311594486236572
4.310914993286133
4.310221195220947
4.309508323669434
4.308780193328857
4.308039665222168
4.307281494140625
4.306492805480957
4.305699825286865
4.304877281188965
4.304044246673584
4.303186893463135
4.302304744720459
4.301401138305664
4.300479888916016
4.299530982971191
4.298558235168457
4.297567367553711
4.296545505523682
4.295492649078369
4.2944254875183105
4.293333053588867
4.292208194732666
4.291065216064453
4.289903163909912
4.288694858551025
4.287477016448975
4.286220550537109
4.284943103790283
4.283620834350586
4.282275199890137
4.280893802642822
4.279482364654541
4.2780303955078125
4.276559829711914
4.275053977966309
4.273522853851318
4.271966457366943
4.270367622375488
4.268744468688965
4.267065525054932
4.265357494354248
4.263602256774902
4.2617974281311035
4.25993013381958
4.258033752441406
4.256059169769287
4.254045009613037
4.251978874206543
4.249870300292969
4.24769401550293
4.2454514503479
4.243160247802734
4.2408270835876465
4.238413333892822
4.2359232902526855
4.233371734619141
4.23076057434082
4.228074073791504
4.225329875946045
4.222543716430664
4.219668865203857
4.216706275939941
4.2136688232421875
4.210562705993652
4.207380771636963
4.204105377197266
4.200772762298584
4.1973419189453125
4.193840503692627
4.190216541290283
4.1865234375
4.182727336883545
4.178852558135986
4.174871921539307
4.170799255371094
4.1666741371154785
4.162417888641357
4.158070087432861
4.153615951538086
4.149077415466309
4.144435405731201
4.13971471786499
4.134883403778076
4.129960536956787
4.124932765960693
4.119774341583252
4.114494800567627
4.109085559844971
4.103611946105957
4.098023414611816
4.092339992523193
4.086564064025879
4.080653667449951
4.074667930603027
4.0685715675354
4.062359809875488
4.056075096130371
4.049688816070557
4.043210506439209
4.036653995513916
4.029946327209473
4.023166656494141
4.016271114349365
4.009291172027588
4.002236843109131
3.9951422214508057
3.9879302978515625
3.98061203956604
3.9732115268707275
3.9656760692596436
3.9581267833709717
3.9504847526550293
3.942756414413452
3.934931516647339
3.927044630050659
3.9190752506256104
3.911046028137207
3.9029579162597656
3.8947935104370117
3.886610269546509
3.878363609313965
3.8700692653656006
3.8617331981658936
3.853363513946533
3.8449721336364746
3.8365180492401123
3.828026533126831
3.8194711208343506
3.8109233379364014
3.802340507507324
3.793750524520874
3.785132646560669
3.7764198780059814
3.767667770385742
3.75893235206604
3.7502386569976807
3.7415220737457275
3.732822895050049
3.724078893661499
3.715421438217163
3.706728458404541
3.6980831623077393
3.6894500255584717
3.680854320526123
3.6722183227539062
3.6636366844177246
3.655083417892456
3.646580696105957
3.638090133666992
3.629676103591919
3.621385335922241
3.6130940914154053
3.604860544204712
3.5967068672180176
3.588618755340576
3.5805749893188477
3.5726616382598877
3.564836263656616
3.5570850372314453
3.5494184494018555
3.5418293476104736
3.534386157989502
3.527048349380493
3.5198299884796143
3.512754440307617
3.505770206451416
3.498924970626831
3.4922194480895996
3.4856348037719727
3.4792230129241943
3.4729275703430176
3.466822385787964
3.46083927154541
3.455008029937744
3.449317455291748
3.4437756538391113
3.438370704650879
3.433136224746704
3.4280266761779785
3.4230284690856934
3.4181487560272217
3.4133920669555664
3.408733367919922
3.4041669368743896
3.3997128009796143
3.3953309059143066
3.3910534381866455
3.3868651390075684
3.38273286819458
3.3786613941192627
3.3746328353881836
3.370645046234131
3.3666985034942627
3.362795352935791
3.3589305877685547
3.355113983154297
3.351332902908325
3.3475680351257324
3.343844413757324
3.3401458263397217
3.3364663124084473
3.332832098007202
3.3292295932769775
3.3256642818450928
3.3221261501312256
3.318617105484009
3.3151485919952393
3.311711549758911
3.308304786682129
3.304924726486206
3.3016064167022705
3.298332929611206
3.295098066329956
3.291904926300049
3.288761615753174
3.285646677017212
3.2825658321380615
3.2794992923736572
3.2764687538146973
3.273474931716919
3.270519495010376
3.267596960067749
3.2647242546081543
3.2618751525878906
3.2590551376342773
3.2562456130981445
3.2534806728363037
3.250728130340576
3.248007297515869
3.2452971935272217
3.2426042556762695
3.239964246749878
3.2373411655426025
3.2347402572631836
3.232172966003418
3.2296297550201416
3.2271251678466797
3.2246334552764893
3.2221693992614746
3.219735622406006
3.2173194885253906
3.214937925338745
3.212592363357544
3.210278034210205
3.207979917526245
3.205717086791992
3.2034881114959717
3.201289176940918
3.1991097927093506
3.196946144104004
3.1948142051696777
3.19270658493042
3.190619707107544
3.188558578491211
3.1865153312683105
3.1845028400421143
3.1825168132781982
3.1805598735809326
3.178626775741577
3.1767146587371826
3.174835443496704
3.172964572906494
3.1711175441741943
3.1692988872528076
3.1674978733062744
3.1657118797302246
3.163940191268921
3.1621947288513184
3.1604721546173096
3.158751964569092
3.157048225402832
3.1553568840026855
3.1536903381347656
3.152033805847168
3.1503939628601074
3.148770809173584
3.1471636295318604
3.145564079284668
3.143975019454956
3.142396926879883
3.1408443450927734
3.139299154281616
3.1377692222595215
3.136245012283325
3.1347274780273438
3.1332240104675293
3.131728410720825
3.130244731903076
3.128758430480957
3.1272943019866943
3.1258316040039062
3.1243791580200195
3.1229403018951416
3.1215004920959473
3.1200709342956543
3.118650197982788
3.1172385215759277
3.1158387660980225
3.1144466400146484
3.113065481185913
3.111694097518921
3.110320806503296
3.1089630126953125
3.107607841491699
3.1062562465667725
3.1048977375030518
3.1035475730895996
3.102203130722046
3.100857973098755
3.099522829055786
3.098191499710083
3.0968620777130127
3.0955352783203125
3.09421443939209
3.0928921699523926
3.0915677547454834
3.0902457237243652
3.0889289379119873
3.0876150131225586
3.0863075256347656
3.0850088596343994
3.0837199687957764
3.0824267864227295
3.081143617630005
