2.3025760650634766
2.3025760650634766
2.3025760650634766
2.3025760650634766
2.3025660514831543
2.3025660514831543
2.30255389213562
2.302553653717041
2.30255389213562
2.302553653717041
2.302553653717041
2.302623987197876
2.302624464035034
2.3025896549224854
2.3025896549224854
2.3025903701782227
2.3025896549224854
2.3025896549224854
2.3026201725006104
2.302621841430664
2.302554130554199
2.3025624752044678
2.3025434017181396
2.3025434017181396
2.3025431632995605
2.3025991916656494
2.3025996685028076
2.3025994300842285
2.3025994300842285
2.3025991916656494
2.3025505542755127
2.302640199661255
2.302640676498413
2.3026397228240967
2.302640676498413
2.302640199661255
2.302614688873291
2.302631378173828
2.3026316165924072
2.302631139755249
2.3026316165924072
2.302631378173828
2.3026063442230225
2.302570104598999
